16 0.226172 0.178472 0.032031 0.054167
16 0.270703 0.390278 0.035156 0.052778
16 0.275391 0.612500 0.033594 0.058333
16 0.123828 0.835417 0.035156 0.051389
16 0.297656 0.754861 0.032813 0.059722
16 0.404297 0.825694 0.028906 0.062500
16 0.497266 0.745833 0.033594 0.055556
16 0.526563 0.859028 0.031250 0.059722
16 0.615625 0.555556 0.037500 0.063889
16 0.800781 0.556250 0.032813 0.065278
16 0.958203 0.469444 0.039844 0.052778
16 0.769922 0.123611 0.035156 0.061111
16 0.413672 0.165972 0.032031 0.059722
