16 0.226562 0.181944 0.035937 0.066667
16 0.269531 0.391667 0.039062 0.058333
16 0.275391 0.614583 0.041406 0.065278
16 0.297656 0.752778 0.034375 0.058333
16 0.123828 0.836806 0.038281 0.056944
16 0.403516 0.825694 0.036719 0.062500
16 0.497266 0.743056 0.035156 0.061111
16 0.526953 0.859722 0.030469 0.069444
16 0.617188 0.552778 0.034375 0.066667
16 0.800391 0.555556 0.038281 0.066667
16 0.876563 0.491667 0.035937 0.055556
16 0.956641 0.468056 0.044531 0.066667
16 0.840625 0.327778 0.035937 0.072222
16 0.771484 0.127083 0.042969 0.081944
