16 0.225000 0.181250 0.037500 0.059722
16 0.186328 0.397917 0.036719 0.059722
16 0.273828 0.393750 0.036719 0.065278
16 0.375000 0.365278 0.031250 0.058333
16 0.113281 0.745139 0.040625 0.056944
16 0.082422 0.833333 0.035156 0.058333
16 0.296484 0.754167 0.030469 0.061111
16 0.405078 0.824306 0.035156 0.062500
16 0.498437 0.750694 0.032813 0.070833
16 0.525781 0.859722 0.032813 0.063889
16 0.616797 0.555556 0.032031 0.058333
16 0.801562 0.558333 0.034375 0.058333
16 0.876563 0.490278 0.035937 0.055556
16 0.955469 0.468056 0.040625 0.055556
16 0.859375 0.215972 0.039062 0.059722
16 0.769531 0.121528 0.039062 0.056944
