16 0.225000 0.179861 0.032813 0.062500
16 0.272266 0.391667 0.039844 0.058333
16 0.276562 0.612500 0.039062 0.058333
16 0.123047 0.836111 0.032031 0.055556
16 0.298047 0.755556 0.035156 0.061111
16 0.403516 0.822917 0.028906 0.054167
16 0.497656 0.747917 0.031250 0.059722
16 0.525781 0.862500 0.026562 0.052778
16 0.617969 0.554861 0.032813 0.062500
16 0.801562 0.555556 0.034375 0.066667
16 0.877344 0.492361 0.032813 0.062500
16 0.959375 0.469444 0.040625 0.061111
16 0.841406 0.325694 0.042188 0.068056
16 0.769531 0.125000 0.039062 0.069444
