16 0.225391 0.179167 0.038281 0.061111
16 0.274219 0.393056 0.040625 0.066667
16 0.275000 0.613889 0.039062 0.055556
16 0.124219 0.837500 0.035937 0.055556
16 0.300000 0.754167 0.034375 0.061111
16 0.404297 0.826389 0.033594 0.061111
16 0.497656 0.743750 0.035937 0.059722
16 0.526563 0.861111 0.031250 0.061111
16 0.619141 0.555556 0.036719 0.063889
16 0.800391 0.556944 0.038281 0.063889
16 0.877734 0.495139 0.039844 0.065278
16 0.959375 0.468750 0.045312 0.056944
16 0.839844 0.327778 0.040625 0.063889
16 0.771094 0.128472 0.035937 0.065278
