16 0.225781 0.179167 0.035937 0.058333
16 0.270313 0.388194 0.034375 0.054167
16 0.274609 0.613889 0.035156 0.055556
16 0.124219 0.834722 0.037500 0.052778
16 0.296875 0.754861 0.032813 0.062500
16 0.403125 0.824306 0.032813 0.059722
16 0.413672 0.165972 0.032031 0.062500
16 0.497656 0.747917 0.034375 0.062500
16 0.528125 0.861111 0.032813 0.063889
16 0.617188 0.552083 0.031250 0.054167
16 0.770703 0.125694 0.035156 0.073611
16 0.800391 0.554861 0.035156 0.062500
16 0.958594 0.470139 0.037500 0.062500
