16 0.225000 0.181250 0.034375 0.059722
16 0.269922 0.391667 0.033594 0.055556
16 0.275781 0.617361 0.031250 0.059722
16 0.124609 0.837500 0.030469 0.055556
16 0.298047 0.756250 0.033594 0.059722
16 0.350781 0.736806 0.034375 0.065278
16 0.403125 0.829167 0.034375 0.063889
16 0.498047 0.747222 0.036719 0.063889
16 0.528516 0.862500 0.035156 0.058333
16 0.616016 0.553472 0.028906 0.056944
16 0.800000 0.556944 0.034375 0.058333
16 0.877344 0.492361 0.035937 0.056944
16 0.957422 0.470139 0.036719 0.054167
16 0.858984 0.217361 0.039844 0.070833
16 0.770703 0.126389 0.042969 0.066667
