16 0.227734 0.179861 0.042969 0.054167
16 0.271094 0.391667 0.034375 0.058333
16 0.274219 0.615278 0.034375 0.055556
16 0.123438 0.836111 0.032813 0.055556
16 0.298047 0.752778 0.032031 0.063889
16 0.403125 0.827778 0.032813 0.061111
16 0.497266 0.749306 0.033594 0.062500
16 0.615234 0.555556 0.032031 0.061111
16 0.805078 0.554167 0.041406 0.066667
16 0.874609 0.491667 0.039844 0.061111
16 0.958594 0.469444 0.042188 0.069444
16 0.839063 0.326389 0.043750 0.066667
16 0.771875 0.127778 0.045312 0.075000
