16 0.225000 0.180556 0.032813 0.061111
16 0.271094 0.390278 0.035937 0.047222
16 0.414844 0.167361 0.035937 0.059722
16 0.275000 0.613889 0.034375 0.052778
16 0.124609 0.836806 0.032031 0.048611
16 0.299609 0.754167 0.038281 0.052778
16 0.405859 0.828472 0.030469 0.056944
16 0.500000 0.751389 0.037500 0.066667
16 0.528125 0.863889 0.029687 0.069444
16 0.616406 0.554167 0.039062 0.058333
16 0.800000 0.555556 0.037500 0.066667
16 0.958984 0.470139 0.041406 0.051389
16 0.773828 0.127778 0.046094 0.069444
