16 0.225391 0.180556 0.036719 0.058333
16 0.271484 0.390278 0.035156 0.058333
16 0.127734 0.837500 0.039844 0.052778
16 0.274219 0.611806 0.034375 0.070833
16 0.299219 0.755556 0.035937 0.061111
16 0.405078 0.825000 0.036719 0.061111
16 0.498828 0.747222 0.035156 0.058333
16 0.525781 0.861111 0.028125 0.061111
16 0.617578 0.555556 0.032031 0.063889
16 0.802344 0.558333 0.035937 0.058333
16 0.876172 0.492361 0.036719 0.056944
16 0.956641 0.468750 0.039844 0.056944
16 0.839844 0.326389 0.042188 0.061111
16 0.770703 0.125000 0.035156 0.061111
