16 0.084375 0.835417 0.045312 0.062500
16 0.111719 0.745139 0.039062 0.056944
16 0.299219 0.755556 0.035937 0.061111
16 0.185156 0.393750 0.034375 0.051389
16 0.225391 0.177778 0.032031 0.052778
16 0.270313 0.391667 0.035937 0.063889
16 0.374219 0.365972 0.039062 0.051389
16 0.402344 0.824306 0.034375 0.059722
16 0.498437 0.745833 0.045312 0.066667
16 0.527734 0.859028 0.027344 0.051389
16 0.617188 0.554861 0.029687 0.056944
16 0.801172 0.554861 0.035156 0.056944
16 0.876563 0.497222 0.037500 0.066667
16 0.959375 0.469444 0.040625 0.063889
16 0.859766 0.214583 0.038281 0.062500
16 0.771094 0.124306 0.039062 0.065278
