16 0.225000 0.181250 0.035937 0.054167
16 0.269141 0.389583 0.038281 0.062500
16 0.276953 0.613194 0.036719 0.065278
16 0.123438 0.836111 0.032813 0.052778
16 0.298047 0.753472 0.035156 0.056944
16 0.405469 0.824306 0.039062 0.065278
16 0.498437 0.747222 0.034375 0.058333
16 0.528516 0.861806 0.035156 0.059722
16 0.618359 0.556944 0.035156 0.072222
16 0.801562 0.560417 0.037500 0.062500
16 0.877734 0.490972 0.039844 0.059722
16 0.958984 0.469444 0.041406 0.058333
16 0.840234 0.326389 0.041406 0.061111
16 0.768750 0.122222 0.039062 0.052778
