16 0.225000 0.184028 0.035937 0.068056
16 0.186328 0.400694 0.038281 0.059722
16 0.271094 0.392361 0.035937 0.056944
16 0.372266 0.366667 0.035156 0.061111
16 0.114062 0.749306 0.035937 0.062500
16 0.082812 0.834722 0.042188 0.055556
16 0.300781 0.756944 0.037500 0.061111
16 0.404687 0.826389 0.028125 0.061111
16 0.497266 0.747222 0.032031 0.063889
16 0.527344 0.861806 0.029687 0.059722
16 0.614844 0.555556 0.032813 0.066667
16 0.769922 0.125000 0.033594 0.061111
16 0.861328 0.213889 0.046094 0.072222
16 0.800391 0.554861 0.038281 0.073611
16 0.876953 0.490278 0.036719 0.058333
16 0.958203 0.470139 0.042969 0.065278
