16 0.226172 0.181250 0.032031 0.056944
16 0.183984 0.398611 0.033594 0.050000
16 0.271484 0.392361 0.033594 0.056944
16 0.373828 0.365278 0.032031 0.058333
16 0.113281 0.745833 0.037500 0.061111
16 0.083203 0.838194 0.039844 0.056944
16 0.298438 0.758333 0.031250 0.061111
16 0.403906 0.827083 0.034375 0.059722
16 0.498437 0.749306 0.034375 0.062500
16 0.525781 0.861111 0.032813 0.058333
16 0.617188 0.552778 0.031250 0.055556
16 0.801953 0.558333 0.035156 0.061111
16 0.876953 0.490972 0.036719 0.056944
16 0.958594 0.470833 0.039062 0.061111
16 0.862500 0.218056 0.045312 0.069444
16 0.769922 0.125694 0.041406 0.059722
