16 0.225781 0.179167 0.039062 0.063889
16 0.272266 0.391667 0.041406 0.066667
16 0.275781 0.612500 0.034375 0.052778
16 0.124219 0.837500 0.037500 0.058333
16 0.300000 0.755556 0.037500 0.055556
16 0.405078 0.824306 0.038281 0.065278
16 0.499219 0.745139 0.035937 0.056944
16 0.527734 0.860417 0.032031 0.056944
16 0.618750 0.553472 0.034375 0.065278
16 0.802734 0.558333 0.036719 0.069444
16 0.876953 0.488194 0.038281 0.056944
16 0.960547 0.474306 0.038281 0.065278
16 0.840234 0.327778 0.041406 0.066667
16 0.773438 0.127083 0.046875 0.062500
