16 0.224219 0.180556 0.039062 0.058333
16 0.186719 0.401389 0.039062 0.063889
16 0.113672 0.745833 0.036719 0.055556
16 0.085938 0.836111 0.048438 0.058333
16 0.269531 0.389583 0.039062 0.065278
16 0.375391 0.365278 0.036719 0.069444
16 0.297656 0.752778 0.034375 0.069444
16 0.405469 0.825694 0.034375 0.062500
16 0.497656 0.747222 0.034375 0.066667
16 0.526953 0.861806 0.030469 0.059722
16 0.616016 0.555556 0.030469 0.058333
16 0.800391 0.555556 0.032031 0.061111
16 0.875781 0.489583 0.037500 0.056944
16 0.959375 0.470139 0.037500 0.056944
16 0.860547 0.218750 0.042969 0.068056
16 0.770312 0.122917 0.035937 0.056944
