16 0.197266 0.377778 0.033594 0.055556
16 0.196484 0.426389 0.035156 0.052778
16 0.196094 0.477083 0.035937 0.051389
16 0.193359 0.522222 0.033594 0.055556
16 0.194141 0.570833 0.035156 0.058333
16 0.219922 0.545833 0.035156 0.055556
16 0.219141 0.500694 0.036719 0.051389
16 0.220312 0.448611 0.034375 0.058333
16 0.220312 0.406250 0.034375 0.056944
16 0.244531 0.425694 0.031250 0.056944
16 0.243750 0.475000 0.032813 0.055556
16 0.242578 0.523611 0.036719 0.061111
16 0.266797 0.502778 0.033594 0.055556
16 0.266797 0.451389 0.033594 0.061111
16 0.288672 0.472917 0.030469 0.051389
16 0.756250 0.823611 0.034375 0.066667
