16 0.225781 0.180556 0.039062 0.061111
16 0.268750 0.387500 0.034375 0.055556
16 0.275000 0.615278 0.035937 0.069444
16 0.124609 0.835417 0.032031 0.059722
16 0.300781 0.755556 0.037500 0.072222
16 0.403906 0.825000 0.031250 0.055556
16 0.497266 0.747222 0.035156 0.061111
16 0.528125 0.860417 0.028125 0.062500
16 0.617188 0.554861 0.034375 0.056944
16 0.801562 0.556944 0.034375 0.061111
16 0.875781 0.491667 0.034375 0.055556
16 0.958594 0.468750 0.037500 0.054167
16 0.839844 0.327778 0.037500 0.058333
16 0.771094 0.125694 0.035937 0.059722
