16 0.226562 0.181944 0.034375 0.055556
16 0.272656 0.390972 0.039062 0.056944
16 0.277344 0.614583 0.040625 0.054167
16 0.124609 0.838194 0.038281 0.054167
16 0.298047 0.756944 0.038281 0.066667
16 0.405859 0.829167 0.038281 0.061111
16 0.498437 0.745833 0.037500 0.055556
16 0.525391 0.863194 0.025781 0.054167
16 0.617578 0.556944 0.035156 0.058333
16 0.800000 0.554167 0.034375 0.050000
16 0.879687 0.494444 0.040625 0.055556
16 0.959766 0.468750 0.046094 0.056944
16 0.841016 0.329167 0.041406 0.055556
16 0.771875 0.122917 0.039062 0.065278
