16 0.225000 0.178472 0.034375 0.054167
16 0.270313 0.388889 0.032813 0.055556
16 0.275781 0.615972 0.035937 0.059722
16 0.124609 0.832639 0.033594 0.051389
16 0.300391 0.754861 0.039844 0.065278
16 0.403906 0.826389 0.034375 0.063889
16 0.498047 0.743750 0.033594 0.062500
16 0.526953 0.861806 0.028906 0.059722
16 0.616406 0.551389 0.031250 0.055556
16 0.801953 0.554167 0.035156 0.055556
16 0.958203 0.468056 0.039844 0.055556
16 0.771875 0.126389 0.037500 0.055556
16 0.414844 0.165972 0.035937 0.062500
