16 0.083594 0.833333 0.042188 0.058333
16 0.112891 0.743750 0.039844 0.059722
16 0.186719 0.397917 0.039062 0.054167
16 0.226562 0.177778 0.037500 0.058333
16 0.268750 0.387500 0.031250 0.055556
16 0.375000 0.363889 0.031250 0.055556
16 0.297266 0.752083 0.028906 0.062500
16 0.404687 0.827083 0.032813 0.059722
16 0.498047 0.747917 0.033594 0.059722
16 0.527344 0.858333 0.029687 0.058333
16 0.616797 0.552778 0.032031 0.058333
16 0.800000 0.554167 0.032813 0.061111
16 0.876563 0.491667 0.035937 0.055556
16 0.958984 0.468056 0.036719 0.055556
16 0.860938 0.211806 0.035937 0.062500
16 0.770703 0.123611 0.035156 0.063889
