16 0.225391 0.180556 0.033594 0.061111
16 0.414844 0.165972 0.034375 0.059722
16 0.270313 0.388889 0.035937 0.052778
16 0.125000 0.840278 0.034375 0.058333
16 0.274219 0.614583 0.034375 0.054167
16 0.297266 0.753472 0.033594 0.056944
16 0.404297 0.824306 0.033594 0.062500
16 0.498047 0.745833 0.028906 0.055556
16 0.526953 0.861111 0.030469 0.061111
16 0.617969 0.552778 0.032813 0.058333
16 0.801172 0.557639 0.036719 0.056944
16 0.958203 0.468750 0.041406 0.054167
16 0.770703 0.122917 0.036719 0.065278
