16 0.082812 0.834028 0.039062 0.059722
16 0.123047 0.861806 0.039844 0.065278
16 0.296875 0.753472 0.035937 0.054167
16 0.404687 0.821528 0.032813 0.056944
16 0.453516 0.770833 0.032031 0.055556
16 0.373047 0.363889 0.032031 0.055556
16 0.269922 0.390278 0.035156 0.052778
16 0.184766 0.397917 0.035156 0.056944
16 0.223438 0.156250 0.034375 0.054167
16 0.675391 0.110417 0.032031 0.062500
16 0.797656 0.115278 0.037500 0.066667
16 0.843359 0.114583 0.033594 0.068056
16 0.861328 0.481250 0.030469 0.051389
16 0.831250 0.697222 0.032813 0.058333
16 0.694141 0.504167 0.030469 0.052778
16 0.602734 0.586806 0.027344 0.054167
