16 0.198437 0.377083 0.031250 0.054167
16 0.197266 0.428472 0.033594 0.051389
16 0.221484 0.404167 0.032031 0.058333
16 0.244141 0.426389 0.033594 0.058333
16 0.220703 0.451389 0.032031 0.058333
16 0.194922 0.473611 0.038281 0.052778
16 0.194531 0.520139 0.034375 0.048611
16 0.194922 0.571528 0.033594 0.068056
16 0.219531 0.550694 0.035937 0.065278
16 0.219141 0.497222 0.035156 0.055556
16 0.243359 0.475694 0.030469 0.054167
16 0.243359 0.525694 0.035156 0.059722
16 0.267578 0.504167 0.035156 0.058333
16 0.267188 0.450694 0.032813 0.062500
16 0.291016 0.478472 0.032031 0.062500
16 0.756641 0.820833 0.035156 0.058333
