16 0.225391 0.181250 0.035156 0.065278
16 0.412500 0.168056 0.037500 0.058333
16 0.771484 0.125000 0.039844 0.063889
16 0.957422 0.468750 0.038281 0.068056
16 0.798047 0.552778 0.042969 0.061111
16 0.616797 0.554861 0.032031 0.048611
16 0.498437 0.744444 0.034375 0.055556
16 0.528125 0.863194 0.028125 0.056944
16 0.403516 0.826389 0.028906 0.052778
16 0.299219 0.757639 0.029687 0.059722
16 0.274609 0.615278 0.035156 0.047222
16 0.270313 0.390972 0.035937 0.065278
16 0.123047 0.836111 0.033594 0.055556
