16 0.226562 0.179167 0.037500 0.055556
16 0.269922 0.392361 0.035156 0.056944
16 0.373047 0.364583 0.030469 0.051389
16 0.246875 0.748611 0.042188 0.063889
16 0.123438 0.836806 0.034375 0.045833
16 0.295312 0.752778 0.035937 0.058333
16 0.403516 0.825000 0.035156 0.058333
16 0.499219 0.748611 0.039062 0.066667
16 0.526563 0.862500 0.034375 0.063889
16 0.615234 0.550694 0.028906 0.056944
16 0.801172 0.559722 0.033594 0.069444
16 0.879297 0.489583 0.044531 0.056944
16 0.957812 0.468750 0.039062 0.059722
16 0.861328 0.214583 0.035156 0.062500
16 0.771875 0.126389 0.037500 0.066667
