16 0.225781 0.181250 0.035937 0.059722
16 0.269922 0.391667 0.033594 0.058333
16 0.242578 0.751389 0.035156 0.066667
16 0.125391 0.836111 0.038281 0.061111
16 0.297656 0.754861 0.034375 0.059722
16 0.375391 0.364583 0.033594 0.056944
16 0.403125 0.825000 0.032813 0.063889
16 0.497266 0.747222 0.035156 0.058333
16 0.528516 0.860417 0.028906 0.051389
16 0.617188 0.554167 0.032813 0.055556
16 0.803125 0.552778 0.037500 0.058333
16 0.877344 0.493750 0.034375 0.056944
16 0.958594 0.468750 0.039062 0.056944
16 0.860547 0.214583 0.036719 0.059722
16 0.769141 0.123611 0.038281 0.061111
