16 0.225391 0.177778 0.035156 0.058333
16 0.374609 0.365972 0.032031 0.059722
16 0.270703 0.389583 0.035156 0.059722
16 0.223047 0.748611 0.036719 0.061111
16 0.297266 0.752083 0.033594 0.073611
16 0.122266 0.837500 0.035156 0.055556
16 0.405078 0.825694 0.030469 0.062500
16 0.498828 0.747222 0.035156 0.061111
16 0.526563 0.860417 0.028125 0.065278
16 0.616406 0.552778 0.032813 0.061111
16 0.801562 0.552083 0.035937 0.056944
16 0.876563 0.492361 0.037500 0.062500
16 0.957812 0.464583 0.042188 0.062500
16 0.860938 0.211806 0.040625 0.065278
16 0.770703 0.124306 0.035156 0.073611
