16 0.224219 0.178472 0.035937 0.059722
16 0.412891 0.163194 0.030469 0.056944
16 0.271875 0.386111 0.040625 0.058333
16 0.275781 0.614583 0.037500 0.056944
16 0.121875 0.836806 0.035937 0.056944
16 0.298438 0.758333 0.031250 0.069444
16 0.403906 0.823611 0.039062 0.066667
16 0.499219 0.749306 0.039062 0.059722
16 0.526172 0.864583 0.028906 0.062500
16 0.617969 0.553472 0.029687 0.059722
16 0.801953 0.556944 0.035156 0.058333
16 0.958203 0.471528 0.039844 0.062500
16 0.770312 0.124306 0.039062 0.059722
