16 0.223438 0.180556 0.031250 0.061111
16 0.271484 0.389583 0.036719 0.062500
16 0.274219 0.612500 0.032813 0.052778
16 0.296484 0.756250 0.030469 0.062500
16 0.124219 0.836806 0.031250 0.059722
16 0.404687 0.826389 0.035937 0.063889
16 0.498047 0.743750 0.033594 0.062500
16 0.526953 0.863194 0.030469 0.054167
16 0.616797 0.553472 0.030469 0.054167
16 0.840234 0.325694 0.036719 0.062500
16 0.800000 0.557639 0.039062 0.062500
16 0.874609 0.490972 0.038281 0.051389
16 0.958203 0.469444 0.036719 0.055556
16 0.769922 0.122222 0.036719 0.055556
