16 0.223828 0.181944 0.035156 0.058333
16 0.185156 0.398611 0.035937 0.055556
16 0.270313 0.389583 0.029687 0.054167
16 0.373437 0.364583 0.045312 0.054167
16 0.112891 0.743750 0.038281 0.045833
16 0.083984 0.837500 0.047656 0.072222
16 0.298047 0.756250 0.035156 0.062500
16 0.403906 0.825694 0.039062 0.056944
16 0.497656 0.744444 0.042188 0.061111
16 0.527734 0.862500 0.036719 0.072222
16 0.615625 0.553472 0.029687 0.059722
16 0.801953 0.556250 0.035156 0.065278
16 0.876563 0.493750 0.035937 0.056944
16 0.957812 0.470139 0.035937 0.054167
16 0.859375 0.211806 0.039062 0.059722
16 0.768359 0.126389 0.044531 0.072222
