16 0.225391 0.179167 0.038281 0.061111
16 0.270703 0.388194 0.035156 0.062500
16 0.125000 0.835417 0.037500 0.054167
16 0.296484 0.752778 0.036719 0.063889
16 0.403906 0.825000 0.032813 0.058333
16 0.498828 0.748611 0.035156 0.066667
16 0.527344 0.861111 0.029687 0.061111
16 0.616016 0.554167 0.030469 0.058333
16 0.800391 0.554167 0.033594 0.058333
16 0.876563 0.487500 0.035937 0.052778
16 0.958984 0.468056 0.041406 0.063889
16 0.861719 0.213194 0.037500 0.065278
16 0.769922 0.122917 0.033594 0.059722
16 0.497656 0.160417 0.037500 0.059722
16 0.333594 0.280556 0.035937 0.063889
