16 0.185938 0.399306 0.032813 0.056944
16 0.225781 0.179861 0.032813 0.051389
16 0.269531 0.386806 0.032813 0.051389
16 0.113281 0.746528 0.039062 0.054167
16 0.083203 0.836111 0.038281 0.058333
16 0.297266 0.754861 0.032031 0.059722
16 0.403906 0.822222 0.032813 0.055556
16 0.374219 0.367361 0.032813 0.062500
16 0.497266 0.743750 0.035156 0.059722
16 0.527734 0.861806 0.028906 0.054167
16 0.617188 0.552778 0.029687 0.052778
16 0.770312 0.122917 0.035937 0.062500
16 0.860938 0.212500 0.034375 0.063889
16 0.800781 0.557639 0.031250 0.059722
16 0.876563 0.490972 0.035937 0.056944
16 0.957031 0.467361 0.037500 0.056944
