16 0.959766 0.468750 0.042969 0.056944
16 0.876563 0.493056 0.034375 0.055556
16 0.800391 0.557639 0.036719 0.065278
16 0.859766 0.215278 0.042969 0.063889
16 0.770703 0.126389 0.042969 0.072222
16 0.616406 0.554167 0.035937 0.066667
16 0.526953 0.860417 0.032031 0.062500
16 0.498828 0.747917 0.035156 0.068056
16 0.403906 0.825694 0.039062 0.062500
16 0.298438 0.756944 0.039062 0.072222
16 0.085547 0.836806 0.044531 0.062500
16 0.113672 0.751389 0.044531 0.072222
16 0.374219 0.362500 0.031250 0.058333
16 0.268750 0.390972 0.039062 0.056944
16 0.187500 0.401389 0.035937 0.063889
16 0.225391 0.178472 0.036719 0.065278
