16 0.226172 0.181250 0.038281 0.059722
16 0.271484 0.389583 0.042969 0.062500
16 0.275391 0.612500 0.036719 0.055556
16 0.125391 0.836111 0.039844 0.055556
16 0.299219 0.754861 0.037500 0.059722
16 0.404297 0.822222 0.042969 0.066667
16 0.498047 0.747222 0.033594 0.072222
16 0.527734 0.859722 0.032031 0.069444
16 0.617969 0.552778 0.035937 0.055556
16 0.800391 0.552778 0.033594 0.055556
16 0.877344 0.490972 0.037500 0.054167
16 0.957031 0.468056 0.040625 0.055556
16 0.842578 0.328472 0.046094 0.065278
16 0.771484 0.122222 0.039844 0.069444
