16 0.225781 0.180556 0.035937 0.058333
16 0.271094 0.390972 0.035937 0.068056
16 0.374609 0.362500 0.032031 0.058333
16 0.123047 0.837500 0.033594 0.052778
16 0.242969 0.750000 0.035937 0.063889
16 0.296875 0.754167 0.032813 0.058333
16 0.403516 0.825000 0.028906 0.058333
16 0.498828 0.747917 0.032031 0.065278
16 0.526172 0.860417 0.028906 0.062500
16 0.616016 0.553472 0.030469 0.054167
16 0.799609 0.556944 0.033594 0.058333
16 0.876172 0.489583 0.035156 0.054167
16 0.957422 0.470139 0.039844 0.051389
16 0.861719 0.214583 0.037500 0.062500
16 0.770703 0.124306 0.035156 0.062500
