16 0.225000 0.181944 0.034375 0.058333
16 0.272656 0.386111 0.039062 0.058333
16 0.276562 0.618056 0.039062 0.072222
16 0.121484 0.834722 0.036719 0.058333
16 0.297266 0.754861 0.033594 0.056944
16 0.350000 0.735417 0.032813 0.054167
16 0.405078 0.827083 0.032031 0.051389
16 0.498047 0.748611 0.032031 0.058333
16 0.526953 0.864583 0.030469 0.054167
16 0.616406 0.556944 0.031250 0.063889
16 0.800391 0.554861 0.032031 0.059722
16 0.875391 0.489583 0.033594 0.048611
16 0.957422 0.470139 0.041406 0.054167
16 0.860938 0.215972 0.039062 0.059722
16 0.768750 0.125000 0.037500 0.061111
