16 0.225391 0.177778 0.033594 0.058333
16 0.270703 0.390972 0.042969 0.068056
16 0.274609 0.612500 0.035156 0.055556
16 0.298438 0.752778 0.031250 0.061111
16 0.124219 0.835417 0.034375 0.056944
16 0.405469 0.827083 0.031250 0.065278
16 0.498047 0.745139 0.032031 0.056944
16 0.526953 0.862500 0.030469 0.061111
16 0.617578 0.553472 0.030469 0.056944
16 0.800000 0.552778 0.031250 0.058333
16 0.875781 0.490278 0.032813 0.052778
16 0.956250 0.468056 0.039062 0.055556
16 0.839453 0.326389 0.039844 0.061111
16 0.770703 0.126389 0.038281 0.069444
