16 0.225000 0.178472 0.034375 0.051389
16 0.270313 0.391667 0.034375 0.052778
16 0.275000 0.614583 0.035937 0.056944
16 0.121875 0.837500 0.034375 0.058333
16 0.300781 0.757639 0.035937 0.065278
16 0.404297 0.822917 0.036719 0.056944
16 0.496484 0.745833 0.033594 0.055556
16 0.525391 0.859028 0.028906 0.051389
16 0.616016 0.555556 0.030469 0.055556
16 0.801953 0.554167 0.035156 0.058333
16 0.877344 0.493750 0.035937 0.059722
16 0.957812 0.472222 0.034375 0.063889
16 0.839453 0.327778 0.038281 0.061111
16 0.772656 0.126389 0.042188 0.066667
