16 0.225391 0.179861 0.038281 0.056944
16 0.270703 0.390972 0.032031 0.059722
16 0.276172 0.614583 0.036719 0.065278
16 0.123438 0.836806 0.037500 0.054167
16 0.300000 0.754861 0.039062 0.065278
16 0.405859 0.825694 0.032031 0.062500
16 0.500000 0.743750 0.037500 0.056944
16 0.527344 0.865278 0.032813 0.066667
16 0.616016 0.553472 0.033594 0.054167
16 0.799219 0.554167 0.032813 0.063889
16 0.876172 0.493750 0.035156 0.068056
16 0.958984 0.472917 0.044531 0.065278
16 0.841016 0.329861 0.039844 0.062500
16 0.769531 0.125000 0.035937 0.055556
