16 0.225781 0.179861 0.035937 0.062500
16 0.270703 0.388889 0.036719 0.063889
16 0.123047 0.836806 0.033594 0.054167
16 0.297266 0.752778 0.033594 0.058333
16 0.405469 0.823611 0.032813 0.058333
16 0.497266 0.745139 0.032031 0.056944
16 0.527344 0.861111 0.029687 0.061111
16 0.617188 0.552778 0.032813 0.055556
16 0.516016 0.106250 0.032031 0.059722
16 0.770312 0.124306 0.040625 0.062500
16 0.860156 0.213194 0.034375 0.065278
16 0.800781 0.554167 0.035937 0.063889
16 0.876563 0.489583 0.034375 0.068056
16 0.957812 0.471528 0.037500 0.065278
