16 0.226953 0.184028 0.036719 0.059722
16 0.271094 0.390972 0.034375 0.054167
16 0.275000 0.615278 0.035937 0.058333
16 0.295703 0.752778 0.030469 0.058333
16 0.125391 0.836806 0.036719 0.054167
16 0.351562 0.736111 0.035937 0.058333
16 0.405469 0.827083 0.032813 0.051389
16 0.497656 0.745139 0.031250 0.054167
16 0.527344 0.861111 0.029687 0.063889
16 0.616016 0.552778 0.030469 0.055556
16 0.800000 0.554861 0.031250 0.056944
16 0.876953 0.493056 0.033594 0.061111
16 0.958203 0.468750 0.039844 0.054167
16 0.860156 0.214583 0.034375 0.059722
16 0.770312 0.122222 0.037500 0.058333
