16 0.226172 0.177778 0.036719 0.055556
16 0.186328 0.401389 0.038281 0.061111
16 0.271094 0.390972 0.037500 0.056944
16 0.373828 0.364583 0.030469 0.051389
16 0.113281 0.745833 0.037500 0.055556
16 0.082031 0.832639 0.037500 0.054167
16 0.298047 0.754167 0.033594 0.055556
16 0.405078 0.827083 0.032031 0.056944
16 0.498047 0.748611 0.032031 0.063889
16 0.526953 0.861806 0.030469 0.062500
16 0.616797 0.555556 0.032031 0.061111
16 0.801562 0.557639 0.034375 0.056944
16 0.876563 0.491667 0.034375 0.061111
16 0.957422 0.468056 0.036719 0.055556
16 0.861719 0.216667 0.039062 0.066667
16 0.770703 0.125694 0.036719 0.059722
