16 0.225000 0.182639 0.034375 0.062500
16 0.269922 0.391667 0.038281 0.063889
16 0.123828 0.836111 0.032031 0.055556
16 0.276562 0.616667 0.039062 0.066667
16 0.300000 0.756250 0.039062 0.062500
16 0.404687 0.825694 0.037500 0.062500
16 0.497656 0.747222 0.035937 0.066667
16 0.526953 0.861111 0.032031 0.061111
16 0.616016 0.553472 0.028906 0.059722
16 0.801953 0.556250 0.035156 0.065278
16 0.878516 0.495833 0.039844 0.061111
16 0.957031 0.471528 0.042188 0.056944
16 0.841016 0.326389 0.042969 0.061111
16 0.771875 0.124306 0.037500 0.068056
