16 0.224609 0.179167 0.036719 0.055556
16 0.185938 0.399306 0.032813 0.056944
16 0.113672 0.745139 0.036719 0.056944
16 0.082812 0.834028 0.040625 0.059722
16 0.269922 0.389583 0.036719 0.054167
16 0.376563 0.363889 0.034375 0.058333
16 0.296875 0.754167 0.037500 0.066667
16 0.405469 0.827083 0.035937 0.068056
16 0.498437 0.746528 0.034375 0.068056
16 0.525781 0.859028 0.029687 0.059722
16 0.617188 0.554167 0.037500 0.063889
16 0.800000 0.556250 0.039062 0.056944
16 0.875391 0.490278 0.033594 0.050000
16 0.959766 0.471528 0.038281 0.059722
16 0.861328 0.215972 0.041406 0.056944
16 0.771484 0.124306 0.036719 0.062500
