16 0.226172 0.181250 0.036719 0.062500
16 0.272656 0.393750 0.040625 0.065278
16 0.242578 0.747222 0.035156 0.055556
16 0.124609 0.837500 0.036719 0.052778
16 0.298828 0.752778 0.032031 0.055556
16 0.374219 0.365278 0.031250 0.058333
16 0.403516 0.825000 0.032031 0.052778
16 0.497656 0.748611 0.034375 0.061111
16 0.526563 0.861806 0.028125 0.065278
16 0.616406 0.553472 0.034375 0.059722
16 0.801562 0.558333 0.034375 0.058333
16 0.876172 0.489583 0.035156 0.056944
16 0.957812 0.469444 0.040625 0.052778
16 0.860938 0.213889 0.042188 0.061111
16 0.771484 0.126389 0.036719 0.055556
