16 0.223438 0.179861 0.037500 0.059722
16 0.184766 0.400694 0.036719 0.065278
16 0.114844 0.747917 0.040625 0.056944
16 0.083984 0.837500 0.041406 0.058333
16 0.270703 0.390972 0.036719 0.062500
16 0.299219 0.754167 0.037500 0.069444
16 0.372266 0.365972 0.035156 0.059722
16 0.403125 0.827778 0.029687 0.069444
16 0.499609 0.745833 0.039844 0.058333
16 0.526953 0.863889 0.030469 0.066667
16 0.614062 0.553472 0.034375 0.051389
16 0.801172 0.554167 0.035156 0.063889
16 0.875781 0.493750 0.032813 0.059722
16 0.958203 0.470833 0.042969 0.055556
16 0.859766 0.215972 0.038281 0.059722
16 0.769922 0.124306 0.033594 0.062500
