16 0.225781 0.180556 0.039062 0.058333
16 0.272266 0.395833 0.039844 0.066667
16 0.275000 0.617361 0.034375 0.059722
16 0.123828 0.836111 0.033594 0.055556
16 0.298438 0.756250 0.034375 0.059722
16 0.403125 0.824306 0.029687 0.054167
16 0.497266 0.747222 0.035156 0.052778
16 0.527344 0.859028 0.028125 0.059722
16 0.617969 0.555556 0.035937 0.066667
16 0.800000 0.555556 0.039062 0.063889
16 0.875781 0.493750 0.040625 0.062500
16 0.956641 0.470139 0.041406 0.059722
16 0.839063 0.325694 0.039062 0.059722
16 0.768750 0.122917 0.031250 0.059722
