16 0.224219 0.181250 0.039062 0.056944
16 0.269141 0.389583 0.038281 0.054167
16 0.158203 0.723611 0.035156 0.058333
16 0.105859 0.830556 0.036719 0.058333
16 0.374219 0.366667 0.031250 0.061111
16 0.297656 0.754167 0.034375 0.061111
16 0.403125 0.827778 0.031250 0.058333
16 0.496875 0.747222 0.034375 0.052778
16 0.528125 0.864583 0.034375 0.059722
16 0.618359 0.556944 0.028906 0.061111
16 0.770703 0.124306 0.035156 0.062500
16 0.860547 0.213194 0.035156 0.068056
16 0.801562 0.555556 0.042188 0.077778
16 0.876953 0.496528 0.046094 0.068056
16 0.961328 0.472222 0.042969 0.063889
