16 0.124609 0.838889 0.035156 0.050000
16 0.276562 0.613194 0.035937 0.056944
16 0.298828 0.751389 0.035156 0.061111
16 0.271484 0.388194 0.035156 0.062500
16 0.225391 0.179861 0.032031 0.048611
16 0.403516 0.828472 0.028906 0.062500
16 0.496484 0.747917 0.030469 0.059722
16 0.526563 0.858333 0.029687 0.058333
16 0.616797 0.551389 0.030469 0.061111
16 0.801562 0.556250 0.034375 0.062500
16 0.876172 0.490278 0.035156 0.055556
16 0.957422 0.469444 0.041406 0.061111
16 0.840625 0.327778 0.039062 0.052778
16 0.769531 0.125000 0.032813 0.063889
