16 0.225000 0.179861 0.037500 0.056944
16 0.416797 0.166667 0.036719 0.061111
16 0.769922 0.120833 0.033594 0.061111
16 0.959375 0.469444 0.040625 0.058333
16 0.800391 0.553472 0.033594 0.062500
16 0.617969 0.552083 0.028125 0.043056
16 0.498437 0.746528 0.035937 0.056944
16 0.403906 0.825694 0.032813 0.059722
16 0.527344 0.862500 0.029687 0.052778
16 0.297656 0.752778 0.032813 0.052778
16 0.276172 0.613889 0.035156 0.055556
16 0.122656 0.838889 0.031250 0.052778
16 0.271875 0.390972 0.035937 0.062500
