16 0.079297 0.796528 0.042969 0.059722
16 0.142578 0.633333 0.035156 0.052778
16 0.200781 0.411111 0.035937 0.061111
16 0.225781 0.121528 0.034375 0.059722
16 0.270703 0.392361 0.035156 0.056944
16 0.280078 0.729167 0.033594 0.058333
16 0.347266 0.386111 0.033594 0.058333
16 0.378906 0.802778 0.029687 0.058333
16 0.392188 0.861111 0.029687 0.058333
16 0.527344 0.559722 0.029687 0.055556
16 0.464453 0.457639 0.030469 0.054167
16 0.660547 0.187500 0.033594 0.061111
16 0.683984 0.464583 0.028906 0.048611
16 0.606641 0.773611 0.033594 0.058333
16 0.888672 0.310417 0.033594 0.056944
16 0.948438 0.365278 0.039062 0.066667
