16 0.414844 0.167361 0.034375 0.062500
16 0.225000 0.179861 0.037500 0.059722
16 0.270313 0.388889 0.034375 0.061111
16 0.273828 0.614583 0.036719 0.056944
16 0.297266 0.753472 0.033594 0.065278
16 0.617188 0.552778 0.029687 0.058333
16 0.403906 0.825000 0.028125 0.055556
16 0.498828 0.747222 0.030469 0.061111
16 0.528125 0.862500 0.028125 0.066667
16 0.125000 0.836111 0.031250 0.055556
16 0.800781 0.556944 0.035937 0.061111
16 0.958984 0.469444 0.038281 0.061111
16 0.770703 0.124306 0.036719 0.065278
