16 0.959375 0.469444 0.040625 0.055556
16 0.859375 0.214583 0.039062 0.062500
16 0.771484 0.128472 0.036719 0.070833
16 0.878516 0.493056 0.032031 0.061111
16 0.799609 0.558333 0.035156 0.061111
16 0.617188 0.556250 0.031250 0.054167
16 0.527344 0.865278 0.031250 0.061111
16 0.500000 0.748611 0.039062 0.063889
16 0.404687 0.827778 0.035937 0.055556
16 0.351562 0.738194 0.035937 0.056944
16 0.298438 0.755556 0.034375 0.058333
16 0.124609 0.840278 0.039844 0.050000
16 0.269531 0.612500 0.034375 0.055556
16 0.270703 0.390972 0.035156 0.059722
16 0.225781 0.180556 0.034375 0.061111
