16 0.225391 0.180556 0.035156 0.058333
16 0.412891 0.167361 0.035156 0.054167
16 0.271484 0.387500 0.035156 0.063889
16 0.275781 0.616667 0.037500 0.061111
16 0.123438 0.833333 0.037500 0.063889
16 0.298828 0.756944 0.038281 0.061111
16 0.402734 0.823611 0.038281 0.055556
16 0.496875 0.748611 0.042188 0.061111
16 0.527344 0.859722 0.034375 0.061111
16 0.616406 0.550694 0.035937 0.056944
16 0.800000 0.553472 0.040625 0.062500
16 0.958594 0.468056 0.042188 0.055556
16 0.769531 0.125000 0.039062 0.061111
