16 0.228906 0.184028 0.040625 0.062500
16 0.271094 0.388194 0.035937 0.054167
16 0.274609 0.614583 0.035156 0.056944
16 0.123828 0.837500 0.032031 0.052778
16 0.297656 0.754861 0.032813 0.056944
16 0.404687 0.827083 0.031250 0.056944
16 0.497656 0.747917 0.031250 0.059722
16 0.527344 0.863194 0.029687 0.062500
16 0.616797 0.555556 0.032031 0.055556
16 0.801953 0.556250 0.035156 0.059722
16 0.876172 0.491667 0.035156 0.050000
16 0.958984 0.468056 0.038281 0.055556
16 0.841406 0.329167 0.039062 0.061111
16 0.770312 0.122917 0.035937 0.059722
