16 0.225391 0.180556 0.035156 0.055556
16 0.270703 0.393750 0.035156 0.056944
16 0.271875 0.612500 0.035937 0.052778
16 0.124609 0.838194 0.039844 0.051389
16 0.297656 0.756250 0.039062 0.062500
16 0.349609 0.734722 0.036719 0.061111
16 0.404297 0.824306 0.033594 0.056944
16 0.496484 0.746528 0.036719 0.056944
16 0.526172 0.865278 0.028906 0.066667
16 0.619531 0.557639 0.037500 0.065278
16 0.801953 0.555556 0.035156 0.061111
16 0.875391 0.493056 0.033594 0.055556
16 0.957812 0.465972 0.043750 0.054167
16 0.859766 0.215972 0.038281 0.056944
16 0.771875 0.129861 0.045312 0.073611
