16 0.225391 0.179861 0.033594 0.056944
16 0.184766 0.399306 0.035156 0.054167
16 0.271484 0.391667 0.033594 0.055556
16 0.374609 0.363889 0.032031 0.055556
16 0.113281 0.747222 0.035937 0.055556
16 0.083984 0.836111 0.041406 0.058333
16 0.297266 0.752778 0.033594 0.055556
16 0.403906 0.827778 0.032813 0.061111
16 0.497656 0.746528 0.032813 0.056944
16 0.617188 0.556250 0.031250 0.062500
16 0.527734 0.863194 0.030469 0.056944
16 0.800000 0.555556 0.035937 0.058333
16 0.876172 0.490278 0.036719 0.055556
16 0.957812 0.471528 0.037500 0.062500
16 0.859766 0.213194 0.038281 0.059722
16 0.769922 0.123611 0.036719 0.063889
