16 0.225391 0.180556 0.032031 0.058333
16 0.124219 0.836111 0.032813 0.055556
16 0.270313 0.389583 0.035937 0.051389
16 0.375000 0.363194 0.037500 0.056944
16 0.242969 0.748611 0.042188 0.055556
16 0.296484 0.753472 0.028906 0.054167
16 0.406641 0.826389 0.039844 0.061111
16 0.499219 0.749306 0.039062 0.062500
16 0.527734 0.859722 0.032031 0.061111
16 0.616016 0.552778 0.032031 0.055556
16 0.802734 0.555556 0.035156 0.061111
16 0.876172 0.489583 0.035156 0.056944
16 0.958203 0.467361 0.035156 0.056944
16 0.860156 0.214583 0.035937 0.062500
16 0.771094 0.123611 0.037500 0.058333
