16 0.225781 0.178472 0.034375 0.056944
16 0.185547 0.397222 0.036719 0.058333
16 0.114453 0.745833 0.036719 0.055556
16 0.083203 0.832639 0.041406 0.062500
16 0.270313 0.387500 0.035937 0.069444
16 0.374219 0.364583 0.031250 0.059722
16 0.296484 0.752083 0.032031 0.056944
16 0.404297 0.823611 0.028906 0.052778
16 0.497266 0.744444 0.030469 0.063889
16 0.527344 0.860417 0.026562 0.062500
16 0.617188 0.552083 0.032813 0.054167
16 0.800391 0.554861 0.032031 0.062500
16 0.875781 0.489583 0.032813 0.056944
16 0.959375 0.468056 0.043750 0.055556
16 0.860547 0.213889 0.039844 0.058333
16 0.772266 0.122222 0.038281 0.058333
