16 0.226172 0.179167 0.033594 0.052778
16 0.271094 0.389583 0.035937 0.054167
16 0.275000 0.611806 0.034375 0.051389
16 0.126172 0.838889 0.038281 0.055556
16 0.299219 0.752778 0.029687 0.055556
16 0.405078 0.825000 0.030469 0.058333
16 0.498047 0.747917 0.032031 0.065278
16 0.527344 0.863194 0.031250 0.054167
16 0.615625 0.555556 0.029687 0.058333
16 0.800000 0.554167 0.031250 0.061111
16 0.873828 0.491667 0.032031 0.050000
16 0.957422 0.468056 0.042969 0.055556
16 0.838281 0.325694 0.039062 0.054167
16 0.769922 0.122222 0.039844 0.052778
