16 0.226562 0.181944 0.037500 0.061111
16 0.183984 0.401389 0.035156 0.063889
16 0.272656 0.390278 0.039062 0.055556
16 0.374609 0.365972 0.030469 0.051389
16 0.298438 0.755556 0.034375 0.061111
16 0.113281 0.746528 0.034375 0.051389
16 0.081641 0.837500 0.042969 0.058333
16 0.403906 0.827083 0.029687 0.056944
16 0.499219 0.744444 0.037500 0.058333
16 0.528125 0.864583 0.028125 0.056944
16 0.618750 0.555556 0.035937 0.061111
16 0.800781 0.556250 0.037500 0.065278
16 0.877344 0.493750 0.035937 0.059722
16 0.958984 0.470139 0.041406 0.056944
16 0.858984 0.213889 0.038281 0.063889
16 0.768359 0.125694 0.041406 0.073611
