16 0.224219 0.179861 0.032813 0.051389
16 0.184766 0.400000 0.033594 0.058333
16 0.271094 0.390278 0.034375 0.055556
16 0.375391 0.365278 0.036719 0.055556
16 0.114062 0.749306 0.039062 0.062500
16 0.085156 0.837500 0.043750 0.063889
16 0.298828 0.750694 0.033594 0.059722
16 0.404687 0.824306 0.032813 0.059722
16 0.499219 0.746528 0.035937 0.056944
16 0.526563 0.861111 0.032813 0.066667
16 0.616406 0.554861 0.029687 0.056944
16 0.802344 0.558333 0.035937 0.069444
16 0.876172 0.493056 0.035156 0.061111
16 0.957422 0.468750 0.041406 0.054167
16 0.860547 0.213889 0.035156 0.061111
16 0.770703 0.121528 0.035156 0.056944
