16 0.225781 0.181250 0.032813 0.051389
16 0.271484 0.390278 0.036719 0.052778
16 0.276172 0.618056 0.038281 0.055556
16 0.125781 0.837500 0.034375 0.052778
16 0.301953 0.756250 0.042969 0.062500
16 0.404297 0.828472 0.038281 0.056944
16 0.498828 0.744444 0.033594 0.058333
16 0.527344 0.862500 0.029687 0.063889
16 0.617969 0.556944 0.032813 0.061111
16 0.802344 0.555556 0.034375 0.063889
16 0.876172 0.490972 0.035156 0.054167
16 0.959766 0.470139 0.039844 0.054167
16 0.840234 0.327778 0.033594 0.058333
16 0.770312 0.124306 0.034375 0.059722
