16 0.225781 0.182639 0.034375 0.059722
16 0.124609 0.838889 0.038281 0.058333
16 0.769531 0.125000 0.037500 0.063889
16 0.838281 0.327083 0.035937 0.065278
16 0.959375 0.468750 0.040625 0.068056
16 0.876172 0.488889 0.035156 0.052778
16 0.800391 0.555556 0.032031 0.063889
16 0.616797 0.554861 0.030469 0.056944
16 0.527344 0.862500 0.026562 0.066667
16 0.501172 0.747917 0.039844 0.065278
16 0.404687 0.828472 0.037500 0.062500
16 0.299219 0.756944 0.037500 0.066667
16 0.275781 0.614583 0.037500 0.054167
16 0.271094 0.396528 0.034375 0.065278
