16 0.224609 0.178472 0.033594 0.054167
16 0.185156 0.402083 0.035937 0.056944
16 0.275000 0.394444 0.043750 0.061111
16 0.375000 0.363194 0.031250 0.056944
16 0.115625 0.750000 0.037500 0.055556
16 0.084766 0.838194 0.044531 0.056944
16 0.298047 0.753472 0.036719 0.068056
16 0.404687 0.823611 0.032813 0.052778
16 0.500000 0.748611 0.037500 0.061111
16 0.526563 0.863889 0.029687 0.055556
16 0.621875 0.553472 0.040625 0.054167
16 0.802734 0.555556 0.033594 0.066667
16 0.875391 0.489583 0.028906 0.059722
16 0.959375 0.462500 0.040625 0.058333
16 0.860156 0.218056 0.037500 0.055556
16 0.774219 0.126389 0.045312 0.058333
