16 0.225391 0.180556 0.038281 0.061111
16 0.413672 0.168750 0.033594 0.054167
16 0.269531 0.389583 0.039062 0.059722
16 0.276953 0.613194 0.038281 0.048611
16 0.122656 0.837500 0.035937 0.052778
16 0.298438 0.750694 0.034375 0.051389
16 0.403906 0.827083 0.034375 0.056944
16 0.499609 0.747917 0.038281 0.065278
16 0.528125 0.858333 0.034375 0.063889
16 0.616797 0.551389 0.035156 0.055556
16 0.802734 0.554167 0.039844 0.055556
16 0.958594 0.464583 0.039062 0.051389
16 0.770312 0.125000 0.035937 0.061111
