15 0.617584 0.5533290000000001 0.025984 0.062758
15 0.22615 0.178882 0.028648 0.061236
15 0.298335 0.754787 0.025394 0.059828
15 0.276722 0.614335 0.025598 0.05629
15 0.839388 0.242153 0.0278 0.058168
15 0.801208 0.5555859999999999 0.026824 0.059864
15 0.77123 0.124273 0.025656 0.053054
15 0.958695 0.474109 0.027674 0.056508
15 0.870091 0.206665 0.021942 0.062092
15 0.8765270000000001 0.491171 0.02373 0.051616
15 0.498414 0.747653 0.021684 0.047736
15 0.52735 0.860286 0.022496 0.062514
15 0.271449 0.39101400000000003 0.022244 0.047486
15 0.405423 0.8243250000000001 0.0201 0.058472
