15 0.617719 0.5529729999999999 0.025852 0.063094
15 0.225986 0.17847200000000002 0.028402 0.061628
15 0.298501 0.7546039999999999 0.025394 0.061
15 0.40505199999999997 0.82731 0.024704 0.065498
15 0.276995 0.6138180000000001 0.025902 0.057638
15 0.801306 0.555073 0.026792 0.06021
15 0.958496 0.47383600000000003 0.027334 0.058532
15 0.800846 0.704804 0.026408 0.055682
15 0.7712519999999999 0.124573 0.025842 0.054336
15 0.126451 0.83736 0.025908 0.056492
15 0.498554 0.747523 0.021182 0.04743
15 0.527288 0.859731 0.022632 0.064724
15 0.271314 0.39074499999999995 0.022112 0.047298
