15 0.6179 0.5530349999999999 0.02582 0.063602
15 0.225965 0.17852 0.028406 0.061476
15 0.298408 0.754651 0.025374 0.060894
15 0.404999 0.827607 0.024386 0.064628
15 0.840665 0.329468 0.027436 0.058028
15 0.276829 0.613976 0.02579 0.05727
15 0.801182 0.5553250000000001 0.02694 0.060634
15 0.958441 0.47137300000000004 0.03039 0.053382
15 0.126297 0.8371580000000001 0.025902 0.05638
15 0.876605 0.49087499999999995 0.024042 0.053402
15 0.49841799999999997 0.747448 0.021196 0.047436
15 0.27130899999999997 0.3906 0.022094 0.047314
15 0.527181 0.8588199999999999 0.022036 0.064936
15 0.770062 0.12308300000000001 0.023554 0.056016
