15 0.6178319999999999 0.553014 0.02579 0.06364
15 0.29861899999999997 0.75488 0.026022 0.064282
15 0.227045 0.181897 0.027822 0.063018
15 0.40473899999999996 0.8257909999999999 0.025836 0.064978
15 0.243097 0.750521 0.026172 0.057296
15 0.861792 0.21577400000000002 0.027838 0.05852
15 0.801293 0.5556880000000001 0.026894 0.060348
15 0.771276 0.125095 0.025988 0.055304
15 0.126301 0.837578 0.02586 0.056998
15 0.95872 0.471852 0.030628 0.053366
15 0.876695 0.491779 0.024154 0.053188
15 0.49844599999999994 0.7477929999999999 0.021592 0.048938
15 0.375614 0.36330100000000004 0.026594 0.059752
15 0.27143799999999996 0.39113499999999995 0.02243 0.04785
15 0.527372 0.860121 0.022756 0.065368
