15 0.617703 0.5529000000000001 0.025758 0.063166
15 0.225967 0.178404 0.028444 0.061684
15 0.29849699999999996 0.754611 0.02538 0.061024
15 0.405041 0.827342 0.024656 0.06552
15 0.276911 0.6138870000000001 0.025802 0.057322
15 0.801143 0.5555 0.02665 0.059938
15 0.840745 0.328723 0.02616 0.05521
15 0.12645 0.837343 0.02587 0.056504
15 0.958357 0.473433 0.027604 0.057254
15 0.876877 0.491352 0.023676 0.052398
15 0.49856500000000004 0.7475210000000001 0.021078 0.04723
15 0.527276 0.859632 0.022546 0.064538
15 0.27131299999999997 0.39074800000000004 0.022088 0.047266
15 0.769927 0.122643 0.021982 0.052834
