15 0.617698 0.553024 0.02588 0.063024
15 0.22602699999999998 0.17872100000000002 0.028568 0.061302
15 0.84082 0.329758 0.028124 0.059486
15 0.29842599999999997 0.754751 0.025358 0.061132
15 0.40497299999999997 0.827388 0.024496 0.064564
15 0.27674299999999996 0.6139749999999999 0.025728 0.057362
15 0.80118 0.5551780000000001 0.026558 0.059798
15 0.126387 0.837304 0.025872 0.056872
15 0.7712239999999999 0.124534 0.02551 0.053798
15 0.958445 0.473169 0.027092 0.05696
15 0.8767849999999999 0.491407 0.023926 0.052918
15 0.49850099999999997 0.747576 0.02111 0.047668
15 0.5272929999999999 0.8598669999999999 0.022668 0.064844
15 0.271334 0.390952 0.022112 0.047246
