15 0.617893 0.5531 0.025918 0.063436
15 0.225965 0.17851899999999998 0.028398 0.061478
15 0.298397 0.754606 0.025368 0.060768
15 0.840685 0.329118 0.027802 0.058556
15 0.404995 0.8276 0.024392 0.064584
15 0.276831 0.6139730000000001 0.025802 0.057276
15 0.8012319999999999 0.5552119999999999 0.02691 0.06079
15 0.12628999999999999 0.837136 0.025896 0.05626
15 0.9584250000000001 0.471218 0.030256 0.052988
15 0.876675 0.491064 0.024204 0.053686
15 0.498416 0.747439 0.021212 0.04742
15 0.27131099999999997 0.390607 0.022114 0.04733
15 0.52718 0.858798 0.022006 0.064838
