15 0.617656 0.554715 0.026766 0.064266
15 0.115121 0.747665 0.02901 0.05607
15 0.29860200000000003 0.755139 0.025696 0.061308
15 0.405584 0.82811 0.02511 0.064266
15 0.861295 0.217358 0.027536 0.060684
15 0.801423 0.557449 0.027388 0.063062
15 0.227289 0.182565 0.028462 0.06443
15 0.770799 0.126301 0.026038 0.056138
15 0.187359 0.402227 0.025564 0.05309
15 0.9587450000000001 0.47281 0.03004 0.052404
15 0.499056 0.746938 0.023838 0.052464
15 0.086494 0.836954 0.02741 0.052948
15 0.8765949999999999 0.493546 0.02422 0.053084
15 0.527195 0.862703 0.021118 0.058332
15 0.375449 0.364021 0.026358 0.059464
15 0.271853 0.392299 0.021902 0.048802
