15 0.22606199999999999 0.178719 0.028462 0.061492
15 0.404104 0.826141 0.029304 0.062232
15 0.29854600000000003 0.7547119999999999 0.025232 0.060382
15 0.277073 0.61409 0.025776 0.057698
15 0.7711399999999999 0.125734 0.02585 0.056086
15 0.12639 0.8372200000000001 0.025958 0.05655
15 0.702008 0.316563 0.024754 0.056446
15 0.8013300000000001 0.55565 0.024744 0.05471
15 0.959479 0.47166800000000003 0.028274 0.05783
15 0.271335 0.390845 0.02224 0.047456
15 0.5289159999999999 0.8614120000000001 0.025286 0.065096
