15 0.617807 0.5535150000000001 0.025958 0.063314
15 0.22734000000000001 0.182142 0.02821 0.06339
15 0.115255 0.747007 0.028608 0.05521
15 0.40503599999999995 0.826037 0.025368 0.063322
15 0.29872899999999997 0.754637 0.025264 0.061612
15 0.861891 0.21548899999999999 0.027658 0.057836
15 0.8013979999999999 0.5564020000000001 0.026808 0.06007
15 0.771078 0.12493499999999999 0.02564 0.053974
15 0.958911 0.47226 0.030864 0.053264
15 0.187395 0.40168 0.02531 0.052248
15 0.876835 0.49173599999999995 0.02425 0.053908
15 0.498583 0.747866 0.02162 0.048658
15 0.37581400000000004 0.363441 0.026576 0.059762
15 0.087103 0.8361419999999999 0.026584 0.052466
15 0.271769 0.390686 0.021602 0.04692
15 0.5272709999999999 0.859898 0.02199 0.065614
