15 0.617945 0.5531210000000001 0.025656 0.063422
15 0.226186 0.178851 0.02832 0.0603
15 0.242426 0.750229 0.0318 0.05645
15 0.405055 0.8270550000000001 0.024828 0.065592
15 0.298519 0.755023 0.0261 0.06486
15 0.861932 0.215334 0.027434 0.057582
15 0.801151 0.555439 0.026768 0.059904
15 0.126436 0.837231 0.026368 0.056786
15 0.771117 0.124515 0.025638 0.054168
15 0.9585469999999999 0.47418 0.027942 0.057916
15 0.876782 0.491621 0.024362 0.054032
15 0.49852799999999997 0.747571 0.021326 0.048182
15 0.37568900000000005 0.362917 0.026526 0.05992
15 0.527383 0.860319 0.023068 0.065264
15 0.27131700000000003 0.390805 0.021958 0.046556
