15 0.61782 0.553007 0.02576 0.063598
15 0.226255 0.178989 0.028438 0.060778
15 0.298645 0.7548950000000001 0.026006 0.064612
15 0.404787 0.825816 0.02583 0.06491
15 0.24308 0.75066 0.026096 0.056804
15 0.861773 0.215526 0.027762 0.057946
15 0.801334 0.555543 0.026956 0.06053
15 0.771257 0.124873 0.0258 0.054706
15 0.126554 0.837856 0.02625 0.05769
15 0.9586790000000001 0.471852 0.03068 0.053358
15 0.8767689999999999 0.49156200000000005 0.024112 0.05334
15 0.498469 0.747708 0.021622 0.048866
15 0.375675 0.363068 0.02664 0.05988
15 0.27132900000000004 0.39097699999999996 0.022638 0.04797
15 0.527341 0.860205 0.022662 0.065378
