15 0.196832 0.42988499999999996 0.026948 0.062696
15 0.221555 0.40586099999999997 0.026678 0.057854
15 0.196849 0.377393 0.025376 0.058406
15 0.7573219999999999 0.823974 0.025232 0.060662
15 0.291772 0.47572600000000004 0.029246 0.061582
15 0.196547 0.574211 0.025888 0.056232
15 0.26771 0.45733500000000005 0.02847 0.060556
15 0.19483599999999998 0.525671 0.025244 0.055346
15 0.244308 0.523955 0.030906 0.067498
15 0.245308 0.42761899999999997 0.026272 0.064054
15 0.195917 0.47740000000000005 0.027416 0.051216
15 0.219805 0.494986 0.026518 0.066074
15 0.243392 0.47897 0.02547 0.055356
15 0.267634 0.500096 0.032976 0.071404
15 0.217854 0.54638 0.028806 0.061242
15 0.22123500000000001 0.449851 0.02843 0.0474
15 0.201031 0.511341 0.024584 0.066106
15 0.23255800000000001 0.506267 0.027776 0.074314
15 0.256797 0.515243 0.032238 0.07856
15 0.282636 0.48277499999999995 0.030434 0.067344
15 0.227161 0.46343100000000004 0.031102 0.069354
