15 0.617747 0.553298 0.026102 0.063882
15 0.22620200000000001 0.17903 0.028648 0.061172
15 0.86176 0.215418 0.02759 0.05817
15 0.8011280000000001 0.555876 0.026796 0.060224
15 0.27655599999999997 0.614425 0.025202 0.054988
15 0.404754 0.826226 0.029098 0.063316
15 0.771103 0.125021 0.025596 0.054106
15 0.958413 0.471877 0.02799 0.056646
15 0.35134600000000005 0.738688 0.02653 0.060562
15 0.8766039999999999 0.49175800000000003 0.024352 0.05398
15 0.498468 0.747559 0.020764 0.046498
15 0.27148900000000004 0.39092499999999997 0.02212 0.047372
15 0.5271779999999999 0.859719 0.021672 0.063186
15 0.298608 0.751454 0.020332 0.047088
