15 0.61775 0.553269 0.025844 0.063478
15 0.22614499999999998 0.178788 0.028558 0.06099
15 0.29853399999999997 0.754824 0.025326 0.061196
15 0.840852 0.329565 0.0278 0.05888
15 0.404534 0.8261700000000001 0.025612 0.064008
15 0.27680400000000005 0.614211 0.025696 0.057184
15 0.801164 0.555817 0.026724 0.060096
15 0.126465 0.837341 0.026108 0.057524
15 0.958495 0.473665 0.027582 0.058166
15 0.771108 0.124606 0.025658 0.0533
15 0.876729 0.491328 0.024094 0.0538
15 0.49842099999999995 0.747857 0.021372 0.048584
15 0.271435 0.390966 0.02193 0.046916
15 0.52718 0.859527 0.02203 0.065588
