15 0.6176780000000001 0.553216 0.025948 0.063444
15 0.22619 0.17910099999999998 0.028534 0.060542
15 0.404766 0.827256 0.02535 0.066204
15 0.298715 0.754776 0.02535 0.062046
15 0.276766 0.613931 0.02583 0.057704
15 0.8617370000000001 0.215716 0.027686 0.05862
15 0.801194 0.556139 0.027342 0.062016
15 0.35116 0.734655 0.02976 0.06442
15 0.771029 0.125349 0.02585 0.055488
15 0.12637 0.837656 0.02613 0.05724
15 0.958654 0.474085 0.027788 0.058116
15 0.876487 0.491921 0.024326 0.053682
15 0.49855099999999997 0.747853 0.021434 0.04816
15 0.27140600000000004 0.391254 0.022398 0.047806
15 0.527306 0.8600310000000001 0.022806 0.064704
