15 0.617905 0.553 0.0258 0.063644
15 0.225963 0.17851699999999998 0.028412 0.061476
15 0.29840999999999995 0.7546499999999999 0.025372 0.060906
15 0.40499999999999997 0.827606 0.024384 0.064614
15 0.276831 0.6139720000000001 0.025788 0.057282
15 0.840631 0.329802 0.027058 0.056484
15 0.801189 0.555276 0.026888 0.060476
15 0.126297 0.837164 0.025902 0.056378
15 0.9584280000000001 0.471342 0.030458 0.053388
15 0.876614 0.49083000000000004 0.024044 0.053448
15 0.498417 0.7474419999999999 0.021186 0.047424
15 0.271309 0.390597 0.022096 0.047332
15 0.5271830000000001 0.858839 0.022064 0.064972
15 0.770224 0.122879 0.023814 0.05659
