15 0.6177440000000001 0.5533100000000001 0.026034 0.063854
15 0.227054 0.181672 0.02799 0.063452
15 0.861751 0.215516 0.027606 0.058184
15 0.801167 0.555838 0.026886 0.060426
15 0.276561 0.614396 0.025198 0.055134
15 0.40467699999999995 0.8261179999999999 0.029086 0.062898
15 0.77119 0.12501400000000001 0.02567 0.05419
15 0.958499 0.471787 0.027934 0.0565
15 0.351275 0.738068 0.026224 0.060558
15 0.876623 0.49178099999999997 0.024288 0.053774
15 0.498472 0.7475879999999999 0.020834 0.046582
15 0.271552 0.391008 0.022174 0.047346
15 0.527194 0.859676 0.021598 0.063126
15 0.298803 0.75154 0.020686 0.047004
