15 0.6178370000000001 0.553015 0.025786 0.063626
15 0.29861899999999997 0.754777 0.026032 0.064318
15 0.227105 0.18198899999999998 0.027948 0.06293
15 0.404759 0.82577 0.025952 0.065006
15 0.243105 0.7506349999999999 0.026198 0.057542
15 0.86174 0.215506 0.027672 0.057844
15 0.8013140000000001 0.555723 0.026922 0.06039
15 0.771273 0.125141 0.025996 0.055384
15 0.126247 0.837805 0.025894 0.057118
15 0.958683 0.471767 0.030648 0.05336
15 0.876695 0.491733 0.024182 0.053352
15 0.49841 0.7478990000000001 0.021688 0.049036
15 0.37560600000000005 0.363332 0.02658 0.05964
15 0.27135899999999996 0.391096 0.02245 0.047724
15 0.527357 0.86014 0.02271 0.065518
