15 0.617578 0.553472 0.025781 0.062500
15 0.226172 0.179167 0.028906 0.061111
15 0.404687 0.827778 0.025000 0.063889
15 0.298438 0.755556 0.025000 0.061111
15 0.862109 0.215278 0.027344 0.058333
15 0.801172 0.555556 0.027344 0.061111
15 0.276953 0.614583 0.025781 0.056944
15 0.351562 0.735417 0.029687 0.062500
15 0.771484 0.125000 0.025781 0.052778
15 0.958594 0.474306 0.028125 0.056944
15 0.876563 0.491667 0.023438 0.052778
15 0.498437 0.747222 0.021875 0.047222
15 0.526953 0.860417 0.022656 0.062500
15 0.271484 0.390972 0.022656 0.048611
15 0.125781 0.827083 0.031250 0.031944
