15 0.196874 0.429871 0.026916 0.062586
15 0.221574 0.405918 0.026708 0.058034
15 0.196904 0.377527 0.025396 0.058212
15 0.7572789999999999 0.823975 0.025046 0.060132
15 0.291831 0.475704 0.029196 0.06178
15 0.196528 0.5741919999999999 0.025866 0.056212
15 0.19489399999999998 0.525711 0.025244 0.055322
15 0.267716 0.457326 0.028446 0.060816
15 0.244284 0.52417 0.029544 0.067088
15 0.24522999999999998 0.42778700000000003 0.026286 0.064312
15 0.19598500000000002 0.477581 0.027394 0.050936
15 0.24345899999999998 0.479214 0.025568 0.055206
15 0.219801 0.494696 0.026532 0.066718
15 0.267627 0.500152 0.032908 0.071312
15 0.217869 0.546499 0.028754 0.061078
15 0.22116 0.450014 0.028408 0.04749
15 0.20032 0.512534 0.025776 0.066392
15 0.232303 0.506438 0.027912 0.074182
15 0.256706 0.515599 0.032188 0.078686
15 0.28261200000000003 0.482865 0.030502 0.067118
15 0.22695800000000002 0.463483 0.030876 0.069884
