15 0.226253 0.155077 0.029358 0.061744
15 0.843661 0.11020200000000001 0.031894 0.061732
15 0.8005019999999999 0.118031 0.026284 0.057424
15 0.297576 0.753143 0.025226 0.060846
15 0.404692 0.824866 0.028776 0.064794
15 0.854491 0.478688 0.030666 0.056394
15 0.186448 0.400208 0.026136 0.054624
15 0.455109 0.7724949999999999 0.025722 0.05592
15 0.825648 0.6993969999999999 0.02628 0.053766
15 0.6677259999999999 0.120824 0.024074 0.05511
15 0.60064 0.584847 0.022328 0.056302
15 0.701674 0.498006 0.02503 0.056514
15 0.127443 0.857526 0.024258 0.058894
15 0.37218 0.362702 0.021616 0.054416
15 0.086037 0.8350329999999999 0.027324 0.05225
15 0.271397 0.39047 0.02141 0.04674
