15 0.617864 0.5532090000000001 0.025896 0.063212
15 0.226002 0.178401 0.02843 0.061648
15 0.29841399999999996 0.754418 0.025484 0.061374
15 0.415188 0.165799 0.026416 0.05608
15 0.40495299999999995 0.827463 0.024376 0.06429
15 0.276997 0.614095 0.025904 0.057308
15 0.801071 0.554527 0.026486 0.059488
15 0.9586129999999999 0.473991 0.027178 0.058454
15 0.126437 0.837139 0.025958 0.056784
15 0.771166 0.124418 0.025592 0.053512
15 0.49852799999999997 0.747605 0.021134 0.04761
15 0.5272789999999999 0.859653 0.022228 0.064834
15 0.271341 0.390627 0.021878 0.04701
