15 0.6177360000000001 0.553124 0.025784 0.06378
15 0.405362 0.827183 0.024548 0.063948
15 0.11501800000000001 0.746935 0.02843 0.055128
15 0.29862599999999995 0.754177 0.02526 0.061452
15 0.861907 0.215142 0.027574 0.057776
15 0.801191 0.5556380000000001 0.02694 0.06085
15 0.770897 0.124666 0.025776 0.054304
15 0.958785 0.471947 0.03086 0.053658
15 0.187225 0.40141 0.02539 0.0526
15 0.87651 0.491836 0.02434 0.053884
15 0.49846999999999997 0.747518 0.021496 0.048168
15 0.375616 0.363065 0.0261 0.059396
15 0.087017 0.836419 0.02647 0.052402
15 0.27155599999999996 0.390403 0.021932 0.046368
15 0.527188 0.860313 0.02258 0.065684
15 0.229026 0.18137 0.016612 0.05567
