15 0.617756 0.553224 0.026086 0.063352
15 0.225875 0.178447 0.028228 0.061834
15 0.40400800000000003 0.826056 0.029846 0.06243
15 0.29846500000000004 0.754687 0.025452 0.061132
15 0.276995 0.61397 0.025946 0.057666
15 0.801077 0.5549080000000001 0.026448 0.059746
15 0.958475 0.474138 0.02732 0.05853
15 0.639441 0.828338 0.02658 0.05994
15 0.771208 0.12466100000000001 0.02566 0.053738
15 0.126504 0.837106 0.025722 0.05588
15 0.528038 0.8606119999999999 0.021296 0.058954
15 0.271424 0.390753 0.022288 0.047332
