15 0.617683 0.5534939999999999 0.02615 0.063734
15 0.404837 0.827303 0.025606 0.066538
15 0.227058 0.182048 0.028046 0.063482
15 0.266427 0.60804 0.026182 0.056298
15 0.298765 0.754814 0.025264 0.061882
15 0.8616280000000001 0.216001 0.02764 0.059018
15 0.801227 0.556358 0.027434 0.062054
15 0.351864 0.7347739999999999 0.03035 0.063664
15 0.771138 0.125475 0.026024 0.056074
15 0.126309 0.8381500000000001 0.026132 0.05759
15 0.958617 0.472082 0.030772 0.05383
15 0.8765470000000001 0.49201500000000004 0.024318 0.053556
15 0.498583 0.7478520000000001 0.021442 0.048194
15 0.271413 0.39131 0.022514 0.048186
15 0.527239 0.8597480000000001 0.022516 0.06492
