15 0.617698 0.553023 0.025882 0.063018
15 0.22604700000000003 0.178676 0.02861 0.06123
15 0.840845 0.329751 0.028028 0.059378
15 0.298456 0.754683 0.025356 0.061054
15 0.404983 0.827439 0.02444 0.064332
15 0.27674 0.613984 0.025728 0.057348
15 0.801171 0.555166 0.026522 0.059668
15 0.126405 0.837217 0.025846 0.056682
15 0.771265 0.12456 0.025566 0.053802
15 0.958466 0.473194 0.02709 0.056936
15 0.876795 0.491386 0.023926 0.052904
15 0.49851999999999996 0.7475299999999999 0.021068 0.047556
15 0.527266 0.859761 0.022632 0.06504
15 0.271331 0.390953 0.022108 0.047222
