15 0.6177509999999999 0.553268 0.025844 0.06347
15 0.22614 0.1788 0.028554 0.060994
15 0.298533 0.754821 0.025322 0.061192
15 0.8408559999999999 0.329477 0.027804 0.059
15 0.40453500000000003 0.826169 0.02561 0.064022
15 0.276808 0.614209 0.025692 0.057174
15 0.801172 0.5558489999999999 0.026664 0.060018
15 0.126472 0.837345 0.026106 0.057536
15 0.958496 0.473671 0.027576 0.058164
15 0.771107 0.124598 0.025646 0.053264
15 0.876728 0.491331 0.02409 0.05377
15 0.498434 0.747869 0.021338 0.048546
15 0.271439 0.390972 0.021926 0.046898
15 0.5271830000000001 0.85952 0.022024 0.065578
