15 0.61777 0.553017 0.025676 0.063342
15 0.22623 0.178775 0.02858 0.060942
15 0.298484 0.754543 0.025262 0.060214
15 0.840836 0.32949 0.027816 0.058982
15 0.40502200000000005 0.8274400000000001 0.02475 0.06464
15 0.27702 0.6140610000000001 0.025762 0.057276
15 0.8012809999999999 0.555243 0.02659 0.06007
15 0.126266 0.8375900000000001 0.025936 0.056572
15 0.958576 0.471172 0.030244 0.053276
15 0.7712159999999999 0.124196 0.025548 0.053214
15 0.876878 0.491185 0.023978 0.053372
15 0.49845 0.7477109999999999 0.021408 0.048204
15 0.5273059999999999 0.859877 0.022462 0.064836
15 0.27148700000000003 0.39090800000000003 0.022078 0.046958
