15 0.617942 0.553117 0.025596 0.063388
15 0.22625499999999998 0.17883200000000002 0.028244 0.060304
15 0.405049 0.8272539999999999 0.024106 0.064136
15 0.298392 0.754512 0.024972 0.061982
15 0.862011 0.215439 0.027442 0.057756
15 0.8011860000000001 0.555566 0.026896 0.060246
15 0.335301 0.669258 0.025096 0.057252
15 0.771188 0.12449400000000001 0.025692 0.054462
15 0.126505 0.83738 0.026086 0.057376
15 0.958558 0.474094 0.027984 0.057932
15 0.876746 0.49171 0.024238 0.053504
15 0.498455 0.747521 0.02121 0.04785
15 0.52738 0.8600180000000001 0.022942 0.064888
15 0.271399 0.390824 0.022216 0.047146
15 0.088947 0.44342800000000004 0.02204 0.04456
