15 0.617785 0.553554 0.025968 0.063202
15 0.227335 0.18214 0.028194 0.063406
15 0.11524300000000001 0.747084 0.028626 0.055432
15 0.405028 0.826055 0.025356 0.063286
15 0.29873 0.7546470000000001 0.025258 0.061654
15 0.861878 0.215583 0.02776 0.057908
15 0.801403 0.556337 0.026802 0.060052
15 0.7711279999999999 0.124955 0.025788 0.054256
15 0.958903 0.472233 0.030854 0.053508
15 0.187396 0.40168200000000004 0.02536 0.052374
15 0.876785 0.491679 0.024516 0.05443
15 0.498574 0.747875 0.021638 0.048698
15 0.375807 0.36347399999999996 0.026556 0.059742
15 0.08716199999999999 0.8362550000000001 0.026632 0.052618
15 0.27176900000000004 0.390709 0.021614 0.047016
15 0.527267 0.859819 0.021952 0.065468
