15 0.6177 0.5530219999999999 0.025882 0.063022
15 0.226021 0.178733 0.028572 0.061222
15 0.840828 0.32978700000000005 0.028038 0.059278
15 0.298428 0.754757 0.025364 0.061154
15 0.404977 0.8273820000000001 0.024536 0.064586
15 0.276744 0.613974 0.02573 0.057356
15 0.801206 0.555228 0.026576 0.059894
15 0.126405 0.83733 0.025854 0.056828
15 0.958449 0.473227 0.027134 0.057046
15 0.771215 0.124531 0.02552 0.053844
15 0.87678 0.49138400000000004 0.023944 0.052942
15 0.498502 0.7475649999999999 0.021106 0.04764
15 0.527296 0.859874 0.022676 0.064858
15 0.27133199999999996 0.390954 0.022106 0.047232
