15 0.6177480000000001 0.553165 0.025878 0.063306
15 0.226316 0.17899400000000001 0.02873 0.060636
15 0.115096 0.7472040000000001 0.028314 0.055044
15 0.298632 0.754313 0.025366 0.062154
15 0.4052 0.8272189999999999 0.024108 0.063794
15 0.861786 0.21548699999999998 0.027708 0.058202
15 0.801244 0.555952 0.027226 0.061398
15 0.187308 0.40159 0.025582 0.052796
15 0.958732 0.474164 0.027838 0.057646
15 0.771091 0.12436699999999999 0.02569 0.053364
15 0.8766320000000001 0.491687 0.024312 0.05351
15 0.498575 0.74765 0.021502 0.048388
15 0.3757 0.363637 0.026362 0.059292
15 0.087103 0.836123 0.02644 0.05212
15 0.527239 0.859999 0.02253 0.065302
15 0.271609 0.39078599999999997 0.021884 0.046908
