15 0.617578 0.553472 0.025781 0.062500
15 0.841406 0.263889 0.028125 0.061111
15 0.226172 0.179167 0.028906 0.061111
15 0.298438 0.754861 0.025000 0.059722
15 0.276953 0.613889 0.025781 0.055556
15 0.801172 0.555556 0.027344 0.061111
15 0.404297 0.825000 0.024219 0.061111
15 0.958594 0.472222 0.029687 0.052778
15 0.771094 0.125000 0.025000 0.052778
15 0.876563 0.491667 0.023438 0.052778
15 0.498437 0.747222 0.021875 0.047222
15 0.527734 0.859722 0.022656 0.063889
15 0.271484 0.391667 0.022656 0.047222
15 0.123828 0.825694 0.028906 0.026389
15 0.962891 0.091667 0.025781 0.044444
