15 0.6177699999999999 0.553628 0.026174 0.063616
15 0.227169 0.18198999999999999 0.028202 0.064048
15 0.115215 0.747079 0.02863 0.055938
15 0.40510599999999997 0.825725 0.025462 0.064484
15 0.298836 0.754478 0.025108 0.061758
15 0.861777 0.216094 0.027658 0.05853
15 0.801237 0.556076 0.02715 0.061494
15 0.187273 0.401484 0.025994 0.054092
15 0.771156 0.12479699999999999 0.025764 0.05513
15 0.9588169999999999 0.472098 0.030738 0.053632
15 0.876571 0.492364 0.024406 0.05395
15 0.498559 0.74785 0.021492 0.048416
15 0.375726 0.363602 0.026446 0.05972
15 0.087143 0.836168 0.026646 0.052604
15 0.271877 0.390607 0.021594 0.046574
15 0.5271760000000001 0.859502 0.022172 0.064234
