15 0.61785 0.552899 0.025752 0.063666
15 0.226128 0.179265 0.028562 0.060634
15 0.298617 0.754824 0.025996 0.064308
15 0.405047 0.827089 0.025098 0.065472
15 0.243143 0.750411 0.026372 0.057592
15 0.8616269999999999 0.215519 0.027756 0.058218
15 0.801278 0.555783 0.026988 0.060778
15 0.771111 0.125138 0.026094 0.055694
15 0.958587 0.471807 0.03068 0.05358
15 0.126356 0.83772 0.026074 0.057046
15 0.876674 0.491741 0.024042 0.052966
15 0.498415 0.747783 0.021652 0.048914
15 0.375595 0.363184 0.026602 0.05966
15 0.271296 0.391189 0.022508 0.047828
15 0.527297 0.860058 0.022848 0.065526
