15 0.6177149999999999 0.553458 0.02588 0.063272
15 0.40523400000000004 0.827374 0.02451 0.064092
15 0.11493300000000001 0.747116 0.028626 0.055182
15 0.29869 0.754316 0.025308 0.061474
15 0.861775 0.21551399999999998 0.027648 0.057882
15 0.801296 0.556067 0.02696 0.060728
15 0.77091 0.12529 0.025722 0.054566
15 0.95871 0.472249 0.030848 0.05368
15 0.187337 0.40164 0.025328 0.052316
15 0.876718 0.491634 0.024154 0.053658
15 0.49847899999999995 0.747731 0.021488 0.048216
15 0.37569600000000003 0.363243 0.026082 0.058962
15 0.086836 0.836603 0.026716 0.052694
15 0.22855699999999998 0.180018 0.017356 0.049578
15 0.527119 0.860046 0.022212 0.065254
15 0.271662 0.390313 0.021274 0.046124
