15 0.6177279999999999 0.552859 0.025752 0.063238
15 0.225989 0.178475 0.028404 0.061628
15 0.298501 0.7546069999999999 0.025394 0.061
15 0.405059 0.827309 0.024692 0.065488
15 0.27699799999999997 0.613822 0.025906 0.057648
15 0.801172 0.555583 0.026432 0.06013
15 0.958395 0.47408 0.02695 0.057734
15 0.126461 0.837337 0.025908 0.056486
15 0.7711749999999999 0.12475699999999999 0.025558 0.054172
15 0.873608 0.83717 0.02664 0.052902
15 0.498535 0.747502 0.021126 0.047226
15 0.5272789999999999 0.859652 0.022568 0.064546
15 0.271318 0.390753 0.022118 0.047308
