15 0.617696 0.5531170000000001 0.025812 0.063668
15 0.226162 0.17916 0.028402 0.0608
15 0.405091 0.8274429999999999 0.025036 0.065518
15 0.298365 0.7546870000000001 0.025334 0.061106
15 0.34111800000000003 0.8513430000000001 0.025812 0.061768
15 0.861734 0.21565499999999999 0.027448 0.057836
15 0.801163 0.556105 0.027188 0.06164
15 0.7710790000000001 0.125294 0.025808 0.054664
15 0.958552 0.474205 0.027818 0.057792
15 0.126361 0.837499 0.025764 0.056694
15 0.876561 0.491831 0.024208 0.053072
15 0.498513 0.74771 0.021434 0.047782
15 0.271495 0.391078 0.022064 0.047056
15 0.527282 0.859866 0.02247 0.064668
