15 0.61777 0.553316 0.02596 0.06369
15 0.227405 0.18260600000000002 0.028064 0.063516
15 0.115081 0.74743 0.028398 0.055136
15 0.298691 0.754468 0.025446 0.06237
15 0.404881 0.8256410000000001 0.02532 0.063722
15 0.8617509999999999 0.215617 0.027658 0.057998
15 0.801252 0.556169 0.027264 0.061474
15 0.187319 0.401329 0.025838 0.053176
15 0.7710819999999999 0.124732 0.025796 0.053842
15 0.958736 0.474262 0.027782 0.057378
15 0.876601 0.491795 0.024252 0.05325
15 0.498591 0.7477119999999999 0.02159 0.048584
15 0.37571899999999997 0.36360600000000004 0.026094 0.059046
15 0.087032 0.836435 0.026648 0.05255
15 0.27150399999999997 0.390853 0.02201 0.0469
15 0.527205 0.8598 0.02234 0.06559
