15 0.617667 0.554308 0.026672 0.0638
15 0.115104 0.7473529999999999 0.02878 0.056026
15 0.227212 0.18223 0.028356 0.063948
15 0.404917 0.826639 0.025884 0.064434
15 0.298916 0.7548819999999999 0.025194 0.061472
15 0.861498 0.21679299999999999 0.02743 0.059222
15 0.801329 0.556883 0.02715 0.061062
15 0.7710119999999999 0.125753 0.025696 0.055916
15 0.187281 0.40178400000000003 0.025658 0.053432
15 0.958856 0.472636 0.03067 0.053334
15 0.498517 0.748426 0.021678 0.04942
15 0.8766700000000001 0.49329 0.024418 0.053706
15 0.37575600000000003 0.36385700000000004 0.026796 0.059826
15 0.086924 0.836487 0.0271 0.05327
15 0.27188399999999996 0.391443 0.022152 0.04831
15 0.527467 0.8622380000000001 0.01981 0.054046
