15 0.6177349999999999 0.5530619999999999 0.025758 0.06416
15 0.226156 0.179155 0.028522 0.060946
15 0.115091 0.7472019999999999 0.028124 0.055038
15 0.405316 0.827352 0.024556 0.063944
15 0.298592 0.754341 0.02519 0.061758
15 0.861738 0.21543099999999998 0.027698 0.058268
15 0.8012090000000001 0.5561389999999999 0.027042 0.060484
15 0.187285 0.4017 0.026052 0.053724
15 0.771012 0.124664 0.025614 0.054122
15 0.9587 0.47208900000000004 0.030896 0.053664
15 0.87649 0.491698 0.024526 0.053826
15 0.498457 0.747985 0.021466 0.04834
15 0.375535 0.363148 0.02645 0.06001
15 0.086942 0.8363 0.026482 0.052008
15 0.27158 0.390565 0.021868 0.047566
15 0.5273100000000001 0.8603339999999999 0.022542 0.065254
