15 0.617746 0.553496 0.026024 0.063842
15 0.405379 0.8272349999999999 0.024686 0.064158
15 0.114984 0.7470180000000001 0.028534 0.05522
15 0.298733 0.754297 0.025228 0.061318
15 0.861841 0.215428 0.027596 0.058242
15 0.80115 0.55599 0.02684 0.06028
15 0.770945 0.12490799999999999 0.025828 0.054658
15 0.958762 0.47205 0.03084 0.053752
15 0.18716999999999998 0.401541 0.025344 0.052484
15 0.876527 0.49200299999999997 0.024374 0.053982
15 0.49844 0.747803 0.021538 0.048144
15 0.375607 0.363035 0.02603 0.05947
15 0.08692 0.8367 0.026574 0.052502
15 0.27155999999999997 0.390482 0.021678 0.046072
15 0.527135 0.860468 0.022612 0.0657
15 0.22894 0.18222300000000002 0.016538 0.05476
