15 0.6177520000000001 0.553171 0.025972 0.063046
15 0.225881 0.178334 0.028312 0.06228
15 0.298336 0.754515 0.02559 0.06136
15 0.404068 0.825979 0.0297 0.063166
15 0.276999 0.6139549999999999 0.02589 0.05754
15 0.638495 0.82572 0.027684 0.058144
15 0.8009959999999999 0.554595 0.026492 0.059586
15 0.9584630000000001 0.473985 0.027168 0.058028
15 0.12637099999999998 0.836907 0.025956 0.056546
15 0.771123 0.124472 0.025792 0.053818
15 0.528416 0.86387 0.01978 0.060792
15 0.271134 0.390536 0.022084 0.04705
