15 0.6177100000000001 0.553411 0.025956 0.063362
15 0.226197 0.179121 0.028486 0.060708
15 0.4051 0.827319 0.025158 0.065108
15 0.29857 0.754509 0.026456 0.065352
15 0.24314000000000002 0.749629 0.027108 0.057712
15 0.861839 0.215451 0.027938 0.0578
15 0.8011630000000001 0.555831 0.027238 0.061502
15 0.771167 0.12453700000000001 0.025856 0.055214
15 0.958582 0.473845 0.027918 0.058274
15 0.126602 0.837326 0.025846 0.055526
15 0.876683 0.491654 0.0243 0.054234
15 0.498294 0.747708 0.021476 0.048132
15 0.52744 0.8606240000000001 0.023356 0.065584
15 0.375575 0.362734 0.02647 0.05935
15 0.271505 0.391135 0.022398 0.047616
