15 0.6177210000000001 0.553236 0.026002 0.063526
15 0.225866 0.178649 0.028372 0.061962
15 0.29835199999999995 0.754306 0.02543 0.060774
15 0.40405100000000005 0.826234 0.029352 0.061924
15 0.276971 0.614019 0.025846 0.05735
15 0.638348 0.8269449999999999 0.024392 0.056018
15 0.801131 0.55523 0.026512 0.059738
15 0.958418 0.474013 0.027332 0.058614
15 0.77116 0.124784 0.025464 0.054034
15 0.126449 0.837234 0.025894 0.055832
15 0.527313 0.8597750000000001 0.023466 0.064888
15 0.27127399999999996 0.390536 0.02221 0.047574
