15 0.617964 0.552025 0.025448 0.064088
15 0.226052 0.178079 0.028016 0.062322
15 0.11528899999999999 0.7464940000000001 0.028104 0.055662
15 0.29872800000000005 0.753147 0.024966 0.060322
15 0.862378 0.21424900000000002 0.027874 0.056534
15 0.187224 0.400874 0.026322 0.054458
15 0.823862 0.570058 0.025708 0.054098
15 0.913905 0.404198 0.028128 0.054064
15 0.40525999999999995 0.8265849999999999 0.021932 0.062512
15 0.5335160000000001 0.840088 0.020412 0.057964
15 0.771009 0.122393 0.02461 0.050224
15 0.87744 0.49227 0.023756 0.054838
15 0.087312 0.835409 0.026856 0.05179
15 0.375888 0.36300299999999996 0.026686 0.060372
15 0.498485 0.7464890000000001 0.02048 0.04611
15 0.271867 0.389708 0.021742 0.047388
