15 0.617749 0.55325 0.025994 0.063472
15 0.225868 0.178649 0.02837 0.061926
15 0.298353 0.754325 0.025422 0.06081
15 0.40406600000000004 0.826275 0.02936 0.06179
15 0.276967 0.6140100000000001 0.025846 0.057358
15 0.638423 0.8268099999999999 0.024444 0.056252
15 0.801117 0.5551860000000001 0.02647 0.059554
15 0.9584579999999999 0.473872 0.027302 0.058674
15 0.7711589999999999 0.124747 0.025432 0.05407
15 0.126464 0.8372639999999999 0.02588 0.055902
15 0.527281 0.859735 0.023364 0.064926
15 0.271277 0.39054099999999997 0.022218 0.047576
