15 0.19689700000000002 0.429822 0.026776 0.062372
15 0.22153799999999998 0.405992 0.02675 0.058662
15 0.196871 0.37777099999999997 0.025596 0.058472
15 0.757106 0.824181 0.025564 0.06108
15 0.291671 0.475954 0.02907 0.061468
15 0.196441 0.574623 0.025826 0.056834
15 0.194907 0.5261049999999999 0.025254 0.055578
15 0.26775000000000004 0.45650300000000005 0.031028 0.062216
15 0.244402 0.524814 0.02948 0.066016
15 0.24613 0.428225 0.027632 0.065266
15 0.195891 0.477971 0.02725 0.05085
15 0.219759 0.495098 0.026264 0.066232
15 0.243452 0.479501 0.025394 0.055922
15 0.26753400000000005 0.50025 0.033306 0.071674
15 0.217837 0.5469440000000001 0.028676 0.061808
15 0.22108599999999998 0.450328 0.028116 0.047434
15 0.20082899999999998 0.512507 0.02534 0.065672
15 0.256576 0.5160330000000001 0.03213 0.078082
15 0.230857 0.506122 0.028042 0.072772
15 0.227135 0.463547 0.030688 0.070126
15 0.23122 0.421023 0.02569 0.074338
