15 0.617813 0.553265 0.026088 0.063672
15 0.226308 0.179166 0.028534 0.060288
15 0.115083 0.747059 0.02854 0.05521
15 0.298719 0.754317 0.02537 0.062014
15 0.404902 0.825808 0.024968 0.062302
15 0.861901 0.215604 0.027574 0.058172
15 0.80132 0.555958 0.026856 0.06018
15 0.18728899999999998 0.401466 0.025622 0.053028
15 0.7710440000000001 0.124187 0.025638 0.053568
15 0.958901 0.474113 0.027638 0.057194
15 0.87665 0.491485 0.0242 0.053678
15 0.498649 0.747624 0.021472 0.048166
15 0.375834 0.363442 0.026552 0.059786
15 0.087063 0.836273 0.026372 0.052186
15 0.527246 0.86024 0.022174 0.065194
15 0.271784 0.390394 0.02166 0.047138
