15 0.6178 0.553324 0.026054 0.062988
15 0.225992 0.178686 0.028404 0.061518
15 0.404083 0.8264250000000001 0.029626 0.062054
15 0.298441 0.754376 0.025356 0.060948
15 0.276967 0.614221 0.025872 0.057372
15 0.415246 0.166496 0.025996 0.054604
15 0.80121 0.554799 0.026804 0.060602
15 0.958425 0.474025 0.0271 0.05811
15 0.7711199999999999 0.124832 0.025772 0.054676
15 0.126365 0.8375079999999999 0.025876 0.05669
15 0.49834900000000004 0.7477199999999999 0.021128 0.047494
15 0.527301 0.859816 0.022176 0.065018
15 0.271276 0.39060100000000003 0.02183 0.046806
