15 0.617697 0.5527939999999999 0.025686 0.063678
15 0.226072 0.178892 0.028416 0.061156
15 0.405068 0.826849 0.025154 0.06578
15 0.29847399999999996 0.754973 0.025446 0.062492
15 0.34493199999999996 0.788332 0.025724 0.06202
15 0.861833 0.215143 0.027604 0.057616
15 0.801231 0.555638 0.02695 0.06103
15 0.771023 0.124902 0.025774 0.054092
15 0.12640400000000002 0.8372539999999999 0.025894 0.0569
15 0.958611 0.474005 0.027836 0.057716
15 0.20918299999999998 0.562273 0.024796 0.052154
15 0.876551 0.491535 0.024354 0.053966
15 0.498591 0.7474379999999999 0.021396 0.047842
15 0.5273490000000001 0.860352 0.023146 0.064806
15 0.271438 0.39108 0.022292 0.047244
