15 0.617737 0.55296 0.025742 0.062938
15 0.226029 0.17871700000000001 0.028578 0.061348
15 0.298433 0.754731 0.025364 0.061168
15 0.40497299999999997 0.827374 0.024434 0.064472
15 0.276732 0.613973 0.025706 0.057314
15 0.840678 0.330142 0.027234 0.057576
15 0.801104 0.5552980000000001 0.026678 0.059708
15 0.126426 0.837252 0.025862 0.056852
15 0.9582780000000001 0.473183 0.027236 0.056432
15 0.876712 0.49088699999999996 0.023768 0.05234
15 0.49844 0.747559 0.021042 0.04746
15 0.770434 0.12544 0.022892 0.047212
15 0.527284 0.8597039999999999 0.022616 0.065068
15 0.271339 0.390926 0.022142 0.047272
