15 0.617749 0.553164 0.025876 0.06331
15 0.22631800000000002 0.178992 0.02872 0.060632
15 0.11509899999999999 0.747203 0.028332 0.055064
15 0.298631 0.7543030000000001 0.025366 0.062148
15 0.40519700000000003 0.827212 0.024112 0.063802
15 0.861795 0.215499 0.02769 0.05815
15 0.801245 0.555962 0.027226 0.0614
15 0.187307 0.401584 0.025574 0.052794
15 0.958734 0.474166 0.027834 0.057626
15 0.771092 0.12436699999999999 0.02569 0.05336
15 0.876623 0.49168599999999996 0.024288 0.05341
15 0.498574 0.7476510000000001 0.021506 0.048396
15 0.37570099999999995 0.363635 0.026372 0.059304
15 0.087095 0.8360920000000001 0.026436 0.052154
15 0.5272359999999999 0.859992 0.02253 0.065318
15 0.27161 0.390789 0.021866 0.046914
