15 0.617796 0.552405 0.02557 0.062918
15 0.225953 0.177847 0.028252 0.06304
15 0.298373 0.754244 0.025308 0.060764
15 0.277 0.613298 0.026034 0.05806
15 0.40438999999999997 0.825876 0.029318 0.06333
15 0.800946 0.55431 0.026664 0.059922
15 0.415064 0.16583900000000001 0.02609 0.054916
15 0.9584269999999999 0.473413 0.027162 0.058692
15 0.771031 0.124324 0.02583 0.0546
15 0.12642899999999999 0.8366359999999999 0.02599 0.05636
15 0.49842200000000003 0.747012 0.02092 0.047508
15 0.527204 0.858894 0.02285 0.065228
15 0.27135499999999996 0.390311 0.022392 0.048228
