15 0.617753 0.553172 0.025968 0.063036
15 0.225879 0.178336 0.028314 0.06227
15 0.298337 0.754517 0.025586 0.061354
15 0.40407 0.825971 0.0297 0.063196
15 0.27699999999999997 0.613955 0.025886 0.057528
15 0.638491 0.825721 0.027666 0.058194
15 0.801 0.554506 0.026524 0.05976
15 0.958464 0.47398 0.027162 0.057994
15 0.126362 0.8369059999999999 0.025984 0.056692
15 0.7711239999999999 0.124471 0.025788 0.053812
15 0.528279 0.860811 0.021748 0.060068
15 0.271135 0.39052400000000004 0.022084 0.047054
