15 0.6178049999999999 0.553268 0.026088 0.063686
15 0.227153 0.181876 0.027982 0.062842
15 0.115098 0.747113 0.028488 0.05526
15 0.298722 0.7543089999999999 0.025408 0.062164
15 0.405253 0.827292 0.023762 0.062452
15 0.862018 0.215277 0.027574 0.057406
15 0.8014140000000001 0.555871 0.026922 0.060568
15 0.187286 0.40160700000000005 0.025648 0.053058
15 0.7710520000000001 0.12410199999999999 0.025654 0.053408
15 0.958827 0.47199399999999997 0.03059 0.053052
15 0.876654 0.49151199999999995 0.02417 0.053452
15 0.498716 0.747522 0.021466 0.048036
15 0.375869 0.363433 0.02659 0.059774
15 0.087078 0.836368 0.026442 0.05236
15 0.527292 0.860167 0.022212 0.065034
15 0.271797 0.390395 0.021632 0.047098
