15 0.6177440000000001 0.553168 0.026024 0.062976
15 0.225883 0.17833200000000002 0.028308 0.062292
15 0.298377 0.7544759999999999 0.025582 0.061262
15 0.404074 0.825952 0.029612 0.06309
15 0.27701499999999996 0.613942 0.02594 0.057722
15 0.638366 0.8254279999999999 0.027714 0.057672
15 0.801028 0.554478 0.026422 0.059724
15 0.958489 0.473847 0.02709 0.057884
15 0.126409 0.836912 0.025994 0.05666
15 0.771077 0.12451000000000001 0.025722 0.05377
15 0.528892 0.861161 0.025196 0.065378
15 0.271214 0.390521 0.022242 0.047338
