15 0.617638 0.552911 0.025836 0.06295
15 0.225988 0.17847000000000002 0.028404 0.061636
15 0.298498 0.754605 0.025392 0.060988
15 0.405072 0.827317 0.024706 0.065478
15 0.276976 0.613835 0.02589 0.057626
15 0.738583 0.593844 0.02641 0.057012
15 0.8015169999999999 0.555558 0.027046 0.062032
15 0.9584809999999999 0.473924 0.027464 0.059272
15 0.771285 0.124608 0.025928 0.054632
15 0.126442 0.837345 0.025912 0.05647
15 0.49856 0.747576 0.02117 0.047466
15 0.527274 0.859962 0.023052 0.06465
15 0.271301 0.390758 0.022138 0.047306
