15 0.617784 0.55331 0.026138 0.063734
15 0.226271 0.17919300000000002 0.028536 0.060352
15 0.11506300000000001 0.747092 0.028542 0.055234
15 0.29866299999999996 0.754256 0.02533 0.061766
15 0.405213 0.8273919999999999 0.023938 0.06279
15 0.86188 0.21568800000000002 0.027528 0.058296
15 0.8013060000000001 0.5559900000000001 0.026874 0.060264
15 0.187249 0.401493 0.025664 0.053044
15 0.7709900000000001 0.124342 0.025678 0.053924
15 0.958798 0.472007 0.03052 0.052922
15 0.876753 0.49155 0.023998 0.05301
15 0.498657 0.747619 0.021476 0.048156
15 0.375837 0.363485 0.026636 0.05979
15 0.08699699999999999 0.836192 0.026386 0.052168
15 0.5272260000000001 0.860232 0.022134 0.065292
15 0.271789 0.39039 0.02168 0.047154
