15 0.617685 0.5533210000000001 0.026054 0.06332
15 0.22619699999999998 0.179344 0.028572 0.060564
15 0.40447900000000003 0.8263999999999999 0.026256 0.066242
15 0.298774 0.754726 0.025384 0.06179
15 0.276637 0.6139619999999999 0.025846 0.058002
15 0.861663 0.215944 0.02758 0.058444
15 0.8011849999999999 0.556286 0.027372 0.06181
15 0.350875 0.735833 0.026474 0.06291
15 0.77105 0.125323 0.025954 0.055664
15 0.126237 0.837779 0.02621 0.057566
15 0.958586 0.472125 0.030674 0.053726
15 0.876526 0.491971 0.02428 0.053628
15 0.498576 0.747908 0.021418 0.048126
15 0.271394 0.39132500000000003 0.022476 0.04795
15 0.52724 0.859744 0.02248 0.064468
