15 0.617755 0.55347 0.025984 0.063216
15 0.227269 0.18219300000000002 0.028276 0.063572
15 0.115136 0.747046 0.028618 0.055366
15 0.405001 0.826002 0.025382 0.063492
15 0.298734 0.7545999999999999 0.02528 0.061656
15 0.8617769999999999 0.215462 0.027672 0.057658
15 0.80131 0.55635 0.026816 0.060208
15 0.770891 0.12493 0.025776 0.053736
15 0.958742 0.47217400000000004 0.030768 0.053424
15 0.187361 0.401602 0.025416 0.052488
15 0.876793 0.49173500000000003 0.024196 0.053946
15 0.49856999999999996 0.747887 0.021658 0.048698
15 0.37568700000000005 0.363506 0.02653 0.05984
15 0.08713499999999999 0.83625 0.026552 0.052472
15 0.271688 0.39079 0.021708 0.046968
15 0.5272600000000001 0.859773 0.022002 0.065476
