15 0.197098 0.43007500000000004 0.026726 0.062046
15 0.221583 0.405837 0.026804 0.05766
15 0.196885 0.377558 0.02548 0.058304
15 0.75701 0.823763 0.025702 0.061634
15 0.291819 0.476256 0.028944 0.060646
15 0.196257 0.574574 0.0257 0.056352
15 0.267885 0.457617 0.028624 0.061126
15 0.19495 0.525846 0.025214 0.055872
15 0.24445 0.524902 0.02906 0.066006
15 0.24537299999999998 0.42821600000000004 0.02635 0.064528
15 0.243612 0.479892 0.0261 0.056138
15 0.19611800000000001 0.47819 0.027494 0.050984
15 0.220205 0.495306 0.026698 0.066852
15 0.26759499999999997 0.5003690000000001 0.032866 0.072576
15 0.217856 0.5468160000000001 0.028394 0.060718
15 0.22156800000000001 0.451128 0.02865 0.047894
15 0.20118100000000003 0.511652 0.02406 0.064738
15 0.282746 0.483127 0.029972 0.068488
15 0.257099 0.515407 0.031878 0.07835
15 0.229886 0.506254 0.028594 0.07472
15 0.22793999999999998 0.465202 0.026732 0.075246
