15 0.6179060000000001 0.55299 0.025586 0.062916
15 0.22595300000000001 0.17874400000000001 0.02837 0.061532
15 0.298496 0.754545 0.025442 0.061168
15 0.52454 0.206116 0.026286 0.058762
15 0.40490499999999996 0.827542 0.02472 0.064946
15 0.276946 0.613993 0.025866 0.057766
15 0.801172 0.555092 0.026592 0.060192
15 0.958448 0.47408199999999995 0.027142 0.058286
15 0.126496 0.8371339999999999 0.02608 0.056946
15 0.771366 0.124064 0.025438 0.054036
15 0.498602 0.747475 0.021416 0.047964
15 0.527297 0.859589 0.022596 0.064734
15 0.271415 0.390456 0.02208 0.04746
