15 0.617838 0.553248 0.026066 0.063836
15 0.227217 0.181887 0.02805 0.063152
15 0.115079 0.747208 0.028416 0.055336
15 0.29865200000000003 0.754293 0.025258 0.061694
15 0.861826 0.215947 0.027682 0.058824
15 0.40492 0.825973 0.02494 0.06226
15 0.801322 0.555931 0.02708 0.060978
15 0.187224 0.401673 0.025598 0.05275
15 0.77101 0.12422 0.025588 0.053528
15 0.958841 0.47425500000000004 0.027638 0.057374
15 0.876462 0.491852 0.024204 0.053382
15 0.498671 0.747526 0.021462 0.048012
15 0.37576 0.36349699999999996 0.026632 0.059896
15 0.08698900000000001 0.836345 0.026406 0.052266
15 0.527246 0.860386 0.02234 0.064856
15 0.271718 0.39044100000000004 0.021752 0.04727
