15 0.617578 0.553472 0.025781 0.062500
15 0.226172 0.179167 0.028906 0.061111
15 0.861719 0.215278 0.028125 0.058333
15 0.404687 0.827083 0.029687 0.062500
15 0.276562 0.614583 0.025000 0.056944
15 0.801172 0.556250 0.027344 0.059722
15 0.771484 0.124306 0.025781 0.054167
15 0.958594 0.474306 0.028125 0.056944
15 0.602734 0.480556 0.025781 0.058333
15 0.298438 0.754167 0.023438 0.055556
15 0.876563 0.491667 0.023438 0.052778
15 0.498828 0.747222 0.021094 0.047222
15 0.527344 0.861111 0.023438 0.063889
15 0.271484 0.390972 0.022656 0.048611
15 0.125391 0.829167 0.032031 0.033333
