15 0.617764 0.553288 0.025906 0.063408
15 0.226137 0.178821 0.028576 0.060828
15 0.298535 0.754792 0.025346 0.06117
15 0.8408519999999999 0.329642 0.027696 0.058672
15 0.404527 0.826166 0.025526 0.063788
15 0.27686200000000005 0.614138 0.02575 0.057394
15 0.80123 0.55573 0.026564 0.059974
15 0.126412 0.8372940000000001 0.026 0.057098
15 0.958574 0.473708 0.02742 0.057874
15 0.771125 0.124711 0.025688 0.05362
15 0.87674 0.491419 0.023844 0.05296
15 0.498423 0.747808 0.021362 0.048542
15 0.27144700000000005 0.39098 0.021978 0.046938
15 0.527168 0.859332 0.021928 0.06537
