15 0.617754 0.553205 0.026076 0.063334
15 0.225854 0.178443 0.028238 0.061994
15 0.403998 0.826075 0.029892 0.062478
15 0.29846900000000004 0.754683 0.025456 0.061126
15 0.276996 0.613981 0.02595 0.057676
15 0.6393719999999999 0.828592 0.026832 0.060446
15 0.8010660000000001 0.554879 0.02658 0.060186
15 0.958449 0.47399600000000003 0.027354 0.058714
15 0.771207 0.124738 0.025744 0.053988
15 0.126503 0.837097 0.025736 0.055896
15 0.528241 0.860977 0.021674 0.060094
15 0.27142499999999997 0.390759 0.022308 0.04737
