15 0.617695 0.552779 0.025684 0.06354
15 0.691628 0.506443 0.027186 0.057372
15 0.225989 0.178469 0.028402 0.061648
15 0.298507 0.7546160000000001 0.02541 0.061044
15 0.405057 0.827279 0.024732 0.065656
15 0.8013469999999999 0.5551809999999999 0.026676 0.0615
15 0.27698500000000004 0.613838 0.0259 0.057602
15 0.958464 0.473795 0.027272 0.05898
15 0.771281 0.124635 0.02594 0.05454
15 0.126443 0.837336 0.02591 0.056454
15 0.49850300000000003 0.747588 0.02131 0.04775
15 0.52731 0.859885 0.023034 0.065098
15 0.271299 0.390758 0.022142 0.047304
