15 0.617761 0.553294 0.02588 0.063354
15 0.226189 0.178846 0.028486 0.060686
15 0.298586 0.754749 0.02531 0.061156
15 0.840873 0.329637 0.027672 0.05859
15 0.40452699999999997 0.826179 0.025534 0.063804
15 0.27685 0.614104 0.025794 0.057388
15 0.801222 0.5557669999999999 0.026642 0.060134
15 0.126435 0.837312 0.026002 0.057172
15 0.958479 0.47170100000000004 0.030432 0.053598
15 0.771258 0.124618 0.025516 0.053706
15 0.8767370000000001 0.491552 0.023864 0.052928
15 0.498463 0.747773 0.021396 0.048596
15 0.27145699999999995 0.39097600000000005 0.021932 0.046892
15 0.527157 0.859362 0.021976 0.065416
