15 0.617878 0.5530930000000001 0.025694 0.063358
15 0.226146 0.17897800000000003 0.0285 0.060304
15 0.40513 0.8272229999999999 0.024504 0.06479
15 0.298109 0.754803 0.025644 0.060766
15 0.8618790000000001 0.21554 0.027552 0.058054
15 0.342137 0.438359 0.025498 0.055148
15 0.801175 0.5555530000000001 0.026872 0.060154
15 0.126553 0.836134 0.025924 0.056416
15 0.771173 0.124459 0.025718 0.05432
15 0.958526 0.474092 0.027992 0.058038
15 0.876709 0.49171 0.02427 0.05396
15 0.498434 0.7475890000000001 0.02122 0.048102
15 0.5272479999999999 0.860177 0.022878 0.065018
15 0.37586899999999995 0.361762 0.024712 0.06004
15 0.271374 0.39093500000000003 0.021314 0.046436
