15 0.197276 0.430072 0.026862 0.062192
15 0.221649 0.40602800000000006 0.026944 0.058784
15 0.197019 0.377946 0.025608 0.057856
15 0.7573 0.823759 0.025124 0.061224
15 0.291873 0.47611200000000004 0.028772 0.061628
15 0.196222 0.575184 0.025688 0.056794
15 0.19514700000000001 0.526383 0.025384 0.056776
15 0.267708 0.458489 0.028924 0.061616
15 0.24453 0.5256149999999999 0.02883 0.065342
15 0.243665 0.480867 0.026742 0.056572
15 0.245276 0.42863999999999997 0.026458 0.064452
15 0.196257 0.478653 0.027618 0.05089
15 0.220234 0.495323 0.026872 0.0675
15 0.26755900000000005 0.500748 0.033074 0.073382
15 0.217816 0.5472509999999999 0.028098 0.060566
15 0.221774 0.45223599999999997 0.028738 0.048464
15 0.28215999999999997 0.48319100000000004 0.030036 0.068748
15 0.200682 0.511983 0.024624 0.06463
15 0.257178 0.515613 0.031932 0.07853
15 0.228525 0.506015 0.028744 0.073814
15 0.226936 0.467061 0.029162 0.065252
