15 0.617748 0.553162 0.025876 0.063314
15 0.226345 0.17891100000000001 0.028744 0.06046
15 0.115155 0.747094 0.02828 0.055086
15 0.298577 0.754409 0.025328 0.062086
15 0.40520199999999995 0.827236 0.024044 0.063548
15 0.86179 0.21555200000000002 0.027734 0.058304
15 0.801257 0.5558989999999999 0.02715 0.061146
15 0.187311 0.401694 0.02561 0.052762
15 0.771077 0.12437300000000001 0.025754 0.053496
15 0.9586699999999999 0.472151 0.030698 0.05334
15 0.876675 0.49152399999999996 0.024202 0.053028
15 0.498566 0.747641 0.021498 0.048494
15 0.37568 0.36346 0.026294 0.059312
15 0.087105 0.836125 0.026454 0.052384
15 0.52728 0.8601319999999999 0.0226 0.06523
15 0.271615 0.39077300000000004 0.021894 0.047034
