15 0.617753 0.553193 0.025996 0.06294
15 0.225901 0.17833500000000002 0.02831 0.062198
15 0.298346 0.75451 0.025612 0.061322
15 0.404112 0.825976 0.029602 0.063044
15 0.27702299999999996 0.613923 0.025924 0.05761
15 0.6383380000000001 0.825652 0.027918 0.057452
15 0.80106 0.554609 0.026458 0.05977
15 0.9585429999999999 0.473842 0.027062 0.05797
15 0.126449 0.836816 0.025976 0.056642
15 0.7710859999999999 0.124496 0.025702 0.053702
15 0.5289060000000001 0.861004 0.025176 0.065284
15 0.271227 0.390553 0.022208 0.04725
