15 0.225851 0.17835800000000002 0.028272 0.062124
15 0.40399100000000004 0.825967 0.029846 0.06271
15 0.567343 0.277973 0.024238 0.054282
15 0.298478 0.7546649999999999 0.025474 0.061138
15 0.276986 0.613968 0.02595 0.057698
15 0.801064 0.555008 0.026462 0.059802
15 0.660796 0.480142 0.024764 0.05304
15 0.958417 0.47398999999999997 0.02737 0.05858
15 0.126505 0.8370650000000001 0.025724 0.055806
15 0.771074 0.12462999999999999 0.025568 0.053582
15 0.271417 0.390814 0.022352 0.047494
15 0.5279 0.860536 0.020134 0.055262
