15 0.6178 0.5533220000000001 0.026056 0.06299
15 0.226002 0.178626 0.028414 0.061518
15 0.40408499999999997 0.826432 0.029624 0.062056
15 0.298445 0.754329 0.02537 0.061012
15 0.276965 0.614217 0.025868 0.057368
15 0.415246 0.166438 0.025964 0.054606
15 0.80121 0.554801 0.026784 0.060554
15 0.958437 0.474052 0.02708 0.05804
15 0.126404 0.837379 0.02596 0.05714
15 0.771107 0.124827 0.025788 0.054742
15 0.49834900000000004 0.7477199999999999 0.021136 0.047502
15 0.527291 0.8598340000000001 0.022114 0.065036
15 0.27127799999999996 0.390609 0.021828 0.046802
