15 0.6177509999999999 0.553206 0.026058 0.063366
15 0.225867 0.178356 0.028272 0.062112
15 0.403974 0.8261080000000001 0.02984 0.062534
15 0.298462 0.7546700000000001 0.02547 0.061166
15 0.276995 0.613985 0.02594 0.057674
15 0.801021 0.554929 0.026444 0.059824
15 0.639402 0.828305 0.026682 0.060408
15 0.9584239999999999 0.474001 0.027304 0.058544
15 0.771193 0.12474700000000001 0.025646 0.05385
15 0.126492 0.837071 0.02574 0.05594
15 0.528137 0.8608410000000001 0.021522 0.05973
15 0.271427 0.390753 0.022296 0.047362
