15 0.61791 0.55298 0.025582 0.06294
15 0.225952 0.178749 0.02836 0.06155
15 0.298498 0.754538 0.025444 0.06116
15 0.52077 0.201771 0.02541 0.059794
15 0.404906 0.82754 0.024718 0.06492
15 0.276943 0.6139910000000001 0.025864 0.057778
15 0.801178 0.5550360000000001 0.026608 0.060286
15 0.958441 0.474105 0.02722 0.058564
15 0.126492 0.837113 0.026078 0.056912
15 0.7713139999999999 0.12398999999999999 0.025458 0.053912
15 0.498597 0.747479 0.021404 0.047948
15 0.527295 0.859573 0.022578 0.064762
15 0.27141600000000005 0.390472 0.022082 0.047446
