15 0.6176039999999999 0.553222 0.026036 0.063158
15 0.226163 0.178908 0.028604 0.06119
15 0.861778 0.215678 0.027422 0.058138
15 0.404516 0.827416 0.023434 0.062124
15 0.801198 0.555727 0.026894 0.060138
15 0.27670500000000003 0.614424 0.025228 0.055504
15 0.351278 0.7385630000000001 0.02632 0.059616
15 0.771175 0.124611 0.025578 0.053322
15 0.95866 0.474066 0.027626 0.056798
15 0.876597 0.49161 0.023892 0.052528
15 0.498431 0.747316 0.021112 0.047164
15 0.27142599999999995 0.39103 0.022314 0.04742
15 0.29867699999999997 0.751839 0.021152 0.04926
15 0.5272990000000001 0.859985 0.022164 0.06263
