15 0.617746 0.553264 0.025856 0.063462
15 0.226034 0.178766 0.028448 0.06111
15 0.29853 0.7548009999999999 0.025328 0.061148
15 0.84083 0.32967199999999997 0.027722 0.058758
15 0.404519 0.826207 0.025582 0.063898
15 0.27683 0.6141789999999999 0.025734 0.057292
15 0.801216 0.555801 0.026666 0.060146
15 0.126372 0.837273 0.026026 0.057166
15 0.9584820000000001 0.473711 0.027482 0.057948
15 0.771135 0.124581 0.025508 0.053262
15 0.876722 0.49146799999999996 0.023968 0.05348
15 0.498417 0.7478940000000001 0.021372 0.048532
15 0.271444 0.39095899999999995 0.02197 0.046958
15 0.527169 0.8593470000000001 0.021972 0.065438
