15 0.6178969999999999 0.5530999999999999 0.025594 0.0634
15 0.226177 0.17891200000000002 0.028308 0.060234
15 0.405126 0.827206 0.024532 0.064854
15 0.298189 0.754699 0.025446 0.06098
15 0.861931 0.215534 0.02754 0.05814
15 0.801181 0.555647 0.026852 0.060404
15 0.497824 0.158836 0.023048 0.05607
15 0.33558400000000005 0.28118 0.027526 0.059928
15 0.9584659999999999 0.471951 0.030824 0.053806
15 0.7711410000000001 0.12434 0.025538 0.053878
15 0.126685 0.835623 0.025512 0.055034
15 0.876724 0.49176 0.024306 0.053692
15 0.498484 0.747529 0.021316 0.04837
15 0.52725 0.860105 0.022826 0.064978
15 0.271078 0.39066599999999996 0.021176 0.045484
