15 0.19727799999999998 0.430043 0.026852 0.06211
15 0.221671 0.406032 0.027036 0.058916
15 0.196993 0.377856 0.025592 0.058014
15 0.757339 0.82416 0.025212 0.060976
15 0.29187 0.47609799999999997 0.028776 0.061688
15 0.196118 0.575062 0.02564 0.056768
15 0.195161 0.526462 0.025322 0.056838
15 0.267693 0.458466 0.028918 0.061774
15 0.244539 0.525641 0.028802 0.065314
15 0.243657 0.480869 0.026696 0.056584
15 0.245229 0.42841300000000004 0.026374 0.064946
15 0.196299 0.478615 0.02762 0.050934
15 0.22022699999999998 0.49534500000000004 0.026848 0.067478
15 0.267577 0.500764 0.033038 0.073428
15 0.217849 0.547247 0.028074 0.060488
15 0.221767 0.452164 0.028692 0.048516
15 0.282156 0.483202 0.030004 0.068706
15 0.20068799999999998 0.512017 0.024572 0.064568
15 0.257192 0.515587 0.031886 0.078536
15 0.228499 0.506033 0.02864 0.073724
15 0.226903 0.467118 0.029126 0.065222
