15 0.617771 0.55314 0.025804 0.063782
15 0.22610599999999997 0.179099 0.028612 0.061234
15 0.40480099999999997 0.827087 0.024928 0.064632
15 0.298601 0.754413 0.025536 0.06213
15 0.276622 0.6139950000000001 0.025596 0.057142
15 0.861692 0.21563 0.027524 0.057672
15 0.801149 0.55579 0.027034 0.06089
15 0.35078 0.735286 0.02954 0.062474
15 0.126304 0.837418 0.02619 0.05701
15 0.9586790000000001 0.474056 0.027846 0.05789
15 0.770996 0.124778 0.025736 0.054108
15 0.8765620000000001 0.49170800000000003 0.024472 0.054826
15 0.498531 0.747532 0.021418 0.048466
15 0.27138100000000004 0.391236 0.022522 0.047902
15 0.52727 0.859776 0.022516 0.06453
