15 0.6177509999999999 0.553113 0.02572 0.063284
15 0.226108 0.17895999999999998 0.02842 0.06076
15 0.405181 0.8273309999999999 0.024672 0.064938
15 0.242481 0.7494160000000001 0.031162 0.055916
15 0.298477 0.754807 0.02611 0.065126
15 0.8619220000000001 0.214977 0.027956 0.057572
15 0.801154 0.5552199999999999 0.02678 0.059826
15 0.7712049999999999 0.124176 0.025602 0.054028
15 0.958545 0.471625 0.030806 0.053664
15 0.8766390000000001 0.491503 0.024404 0.054558
15 0.126716 0.8372850000000001 0.025844 0.055776
15 0.498479 0.74741 0.021412 0.048268
15 0.5273829999999999 0.860429 0.023488 0.06597
15 0.375556 0.362786 0.02643 0.059358
15 0.271438 0.391111 0.022332 0.047226
