15 0.617873 0.553156 0.02588 0.06381
15 0.227128 0.181862 0.028188 0.06335
15 0.115226 0.747108 0.0285 0.055478
15 0.405424 0.8273900000000001 0.024204 0.063492
15 0.29877200000000004 0.7543369999999999 0.025136 0.061548
15 0.861873 0.215398 0.027618 0.057688
15 0.801254 0.555797 0.027034 0.06138
15 0.18724100000000002 0.401626 0.025834 0.053574
15 0.7709579999999999 0.12437100000000001 0.02568 0.053886
15 0.9588450000000001 0.471915 0.030782 0.053452
15 0.876521 0.491812 0.024322 0.054062
15 0.498549 0.747686 0.021414 0.048614
15 0.375746 0.36332600000000004 0.026668 0.06047
15 0.087095 0.8362919999999999 0.026288 0.052582
15 0.527303 0.85957 0.022476 0.064582
15 0.27189599999999997 0.390528 0.021682 0.04659
