15 0.579297 0.579167 0.025781 0.063889
15 0.865625 0.184028 0.028125 0.062500
15 0.132812 0.784028 0.026562 0.059722
15 0.227344 0.134722 0.028125 0.063889
15 0.294922 0.746528 0.027344 0.056944
15 0.764844 0.436111 0.026562 0.052778
15 0.187891 0.403472 0.025781 0.054167
15 0.366016 0.370833 0.022656 0.052778
15 0.597656 0.236111 0.023438 0.055556
15 0.774219 0.108333 0.025000 0.055556
15 0.403906 0.829861 0.021875 0.056944
15 0.751563 0.723611 0.025000 0.055556
15 0.082031 0.830556 0.025000 0.055556
15 0.430469 0.786111 0.021875 0.052778
15 0.798828 0.472917 0.024219 0.054167
15 0.271484 0.390972 0.021094 0.048611
