15 0.6177050000000001 0.552948 0.02587 0.063086
15 0.225967 0.17852 0.028388 0.061442
15 0.29849899999999996 0.75461 0.02538 0.061032
15 0.405057 0.8273929999999999 0.02464 0.065278
15 0.840713 0.329378 0.027574 0.058434
15 0.276922 0.613887 0.025816 0.057364
15 0.801184 0.555445 0.026778 0.060476
15 0.12645699999999999 0.837343 0.025894 0.056562
15 0.958332 0.471149 0.030244 0.052912
15 0.876809 0.491429 0.023888 0.052638
15 0.498565 0.747528 0.021102 0.047254
15 0.527284 0.859615 0.022524 0.064518
15 0.27131999999999995 0.390753 0.022094 0.047278
