15 0.6178210000000001 0.552985 0.02577 0.063588
15 0.298616 0.754705 0.026018 0.064246
15 0.227054 0.18159 0.02788 0.062766
15 0.404771 0.825856 0.025834 0.064832
15 0.243154 0.7504959999999999 0.026202 0.057138
15 0.861827 0.215551 0.027804 0.057884
15 0.801289 0.555615 0.026964 0.06063
15 0.771253 0.124883 0.025796 0.054722
15 0.126447 0.837652 0.025932 0.05734
15 0.958743 0.471886 0.030702 0.053246
15 0.876768 0.491593 0.024072 0.05331
15 0.49842800000000004 0.74771 0.02156 0.048746
15 0.375636 0.363029 0.026532 0.059774
15 0.271318 0.390994 0.02271 0.047892
15 0.5273450000000001 0.8602240000000001 0.022696 0.065322
