15 0.617776 0.552817 0.025572 0.063136
15 0.22597499999999998 0.178181 0.028296 0.06283
15 0.404204 0.825883 0.029506 0.062232
15 0.29834299999999997 0.7545109999999999 0.025426 0.061054
15 0.277027 0.6136050000000001 0.026016 0.057792
15 0.801068 0.5548059999999999 0.026626 0.060042
15 0.771063 0.12462699999999999 0.02604 0.055906
15 0.958642 0.47384899999999996 0.027248 0.059066
15 0.126463 0.836835 0.025762 0.055714
15 0.47380099999999997 0.542048 0.023918 0.057506
15 0.498243 0.747374 0.02089 0.04686
15 0.5274 0.859385 0.023102 0.065696
15 0.271327 0.39103499999999997 0.022134 0.047032
