15 0.6176940000000001 0.553268 0.02604 0.063394
15 0.225896 0.178627 0.028378 0.061836
15 0.29834299999999997 0.7543580000000001 0.0254 0.060804
15 0.404063 0.826214 0.029292 0.061858
15 0.276957 0.614032 0.025828 0.057268
15 0.8012220000000001 0.555196 0.02652 0.059898
15 0.9584199999999999 0.474018 0.027172 0.058306
15 0.636621 0.8277840000000001 0.02741 0.058272
15 0.771204 0.124749 0.02561 0.054282
15 0.12640200000000001 0.8372229999999999 0.02592 0.056166
15 0.527281 0.8596630000000001 0.023214 0.064842
15 0.271266 0.39049900000000004 0.022148 0.047436
