15 0.617649 0.5546719999999999 0.026934 0.063688
15 0.11510200000000001 0.747796 0.02904 0.056004
15 0.29859600000000003 0.755434 0.025796 0.06179
15 0.40505500000000005 0.827156 0.026198 0.064648
15 0.227128 0.182951 0.02839 0.064666
15 0.801458 0.557491 0.027138 0.062468
15 0.8613430000000001 0.217147 0.027508 0.059798
15 0.77072 0.126324 0.025566 0.055408
15 0.187327 0.402146 0.025766 0.053788
15 0.958805 0.474943 0.027552 0.056836
15 0.527348 0.863202 0.021554 0.059066
15 0.498588 0.748872 0.02169 0.049402
15 0.876541 0.493568 0.024424 0.053602
15 0.27192 0.392299 0.022692 0.050022
15 0.086448 0.836546 0.02739 0.052462
15 0.375397 0.364006 0.02633 0.059424
