15 0.617779 0.553145 0.025834 0.063762
15 0.226082 0.179068 0.028492 0.061186
15 0.861726 0.21547 0.027556 0.057682
15 0.8011440000000001 0.555834 0.027122 0.061034
15 0.404767 0.827593 0.023162 0.06158
15 0.276535 0.61436 0.025122 0.05505
15 0.770999 0.12478600000000001 0.02573 0.054102
15 0.958581 0.474053 0.02784 0.057836
15 0.351765 0.738572 0.0264 0.059576
15 0.876541 0.491593 0.024394 0.05464
15 0.49847800000000003 0.7474919999999999 0.02114 0.04744
15 0.271331 0.391177 0.022466 0.047474
15 0.299161 0.75271 0.021838 0.049734
15 0.527228 0.8595860000000001 0.021814 0.063422
