15 0.61783 0.553068 0.02576 0.063402
15 0.226001 0.178725 0.028428 0.061126
15 0.298443 0.754562 0.0253 0.060776
15 0.41519300000000003 0.165909 0.026564 0.05628
15 0.404791 0.827647 0.024428 0.06475
15 0.276816 0.614023 0.025642 0.057078
15 0.801051 0.555419 0.026768 0.060754
15 0.771365 0.125066 0.02593 0.054882
15 0.958551 0.47414999999999996 0.027236 0.058522
15 0.12607200000000002 0.83729 0.025944 0.056314
15 0.498341 0.747729 0.021222 0.04788
15 0.271398 0.39089399999999996 0.022322 0.047824
15 0.527161 0.859516 0.02216 0.06489
