15 0.617687 0.552786 0.0257 0.063674
15 0.226073 0.178925 0.028436 0.061094
15 0.405028 0.8268580000000001 0.025214 0.065724
15 0.29840999999999995 0.754846 0.02543 0.062416
15 0.861851 0.215063 0.027632 0.057736
15 0.801202 0.5556209999999999 0.026988 0.061084
15 0.34283800000000003 0.8058489999999999 0.0238 0.06001
15 0.771007 0.124884 0.02573 0.054114
15 0.126382 0.837167 0.025732 0.05647
15 0.958611 0.47404599999999997 0.027842 0.057792
15 0.19381099999999998 0.549504 0.02363 0.053236
15 0.876537 0.49159200000000003 0.024356 0.054092
15 0.498554 0.747476 0.021442 0.047924
15 0.5273749999999999 0.860325 0.023302 0.064968
15 0.271531 0.391132 0.022262 0.04725
