15 0.6176429999999999 0.5543680000000001 0.026732 0.063908
15 0.115095 0.747495 0.028776 0.055876
15 0.22723500000000002 0.182259 0.02838 0.064128
15 0.404916 0.8266009999999999 0.025952 0.064674
15 0.29886100000000004 0.7549549999999999 0.025236 0.061356
15 0.861468 0.216917 0.027374 0.059132
15 0.8012859999999999 0.556883 0.027046 0.06094
15 0.77103 0.125765 0.025696 0.055986
15 0.18724700000000002 0.40179 0.025666 0.053454
15 0.958867 0.472662 0.030702 0.053382
15 0.49851599999999996 0.748445 0.021658 0.049406
15 0.8766700000000001 0.49327299999999996 0.024366 0.05365
15 0.375769 0.363863 0.026802 0.059844
15 0.086851 0.836615 0.02719 0.053326
15 0.271891 0.391522 0.022122 0.048338
15 0.527423 0.862207 0.019876 0.05412
