15 0.617806 0.55352 0.02596 0.063302
15 0.227339 0.18214 0.02821 0.063384
15 0.115245 0.747033 0.028642 0.055294
15 0.298729 0.754636 0.025266 0.061612
15 0.405002 0.826015 0.025354 0.063314
15 0.8618899999999999 0.21548499999999998 0.027658 0.057828
15 0.801398 0.556401 0.026804 0.060074
15 0.771078 0.124936 0.02564 0.05398
15 0.95885 0.47232999999999997 0.0309 0.053202
15 0.187395 0.401696 0.02533 0.052272
15 0.8768469999999999 0.491736 0.024244 0.053892
15 0.498583 0.747856 0.021612 0.04864
15 0.375758 0.363479 0.026524 0.059702
15 0.08711200000000001 0.836172 0.026598 0.052524
15 0.271768 0.390691 0.02161 0.04693
15 0.527276 0.8598680000000001 0.021996 0.06566
