15 0.617782 0.5530430000000001 0.025714 0.063212
15 0.226187 0.17873399999999998 0.0287 0.06109
15 0.29853799999999997 0.754536 0.025314 0.06029
15 0.840821 0.329472 0.027784 0.05903
15 0.405015 0.827436 0.02478 0.064654
15 0.277026 0.61407 0.025814 0.057464
15 0.801296 0.5552320000000001 0.026606 0.060086
15 0.126239 0.837633 0.026014 0.056608
15 0.9585659999999999 0.471113 0.030244 0.053276
15 0.771239 0.124218 0.025538 0.05326
15 0.876865 0.491244 0.023968 0.053304
15 0.49844 0.747642 0.02138 0.048128
15 0.527355 0.860016 0.022662 0.064848
15 0.271484 0.390943 0.02214 0.047068
