15 0.617689 0.553481 0.026146 0.063752
15 0.404227 0.825869 0.02955 0.06263
15 0.226231 0.17929699999999998 0.028742 0.060756
15 0.29876600000000003 0.754873 0.02553 0.062218
15 0.8616480000000001 0.21609799999999998 0.027616 0.058994
15 0.8012009999999999 0.5563710000000001 0.027394 0.06213
15 0.351798 0.735162 0.030298 0.063742
15 0.771073 0.125584 0.025996 0.056034
15 0.126298 0.838063 0.026158 0.057464
15 0.269697 0.608567 0.024586 0.054864
15 0.958513 0.472102 0.030714 0.05383
15 0.876552 0.492028 0.024304 0.053558
15 0.498583 0.7478689999999999 0.021522 0.048458
15 0.271426 0.391388 0.022696 0.048492
15 0.527238 0.8597520000000001 0.022538 0.065144
