15 0.617833 0.553042 0.025798 0.063422
15 0.225911 0.17852800000000002 0.028324 0.06185
15 0.298487 0.754434 0.025362 0.06091
15 0.415191 0.165791 0.026476 0.056284
15 0.404825 0.827724 0.023968 0.064052
15 0.27693900000000005 0.613939 0.025804 0.057136
15 0.801196 0.555285 0.026748 0.06065
15 0.9586979999999999 0.474262 0.027186 0.058218
15 0.126264 0.8370920000000001 0.025872 0.055724
15 0.771047 0.12461900000000001 0.026022 0.053268
15 0.498375 0.7476210000000001 0.021144 0.047678
15 0.271422 0.39087 0.022156 0.047624
15 0.527157 0.859339 0.022056 0.065224
