15 0.6176999999999999 0.5530240000000001 0.02588 0.063028
15 0.226021 0.17873699999999998 0.028642 0.061144
15 0.840829 0.32978300000000005 0.028038 0.059282
15 0.298437 0.754727 0.02537 0.06119
15 0.40498100000000004 0.827384 0.02453 0.064586
15 0.276744 0.61397 0.02573 0.057366
15 0.801207 0.555229 0.026578 0.059888
15 0.12640300000000002 0.837327 0.025862 0.056866
15 0.958449 0.47320999999999996 0.027146 0.057098
15 0.7712180000000001 0.124529 0.025524 0.053848
15 0.87678 0.491383 0.023952 0.052944
15 0.49850700000000003 0.747573 0.02112 0.047684
15 0.527296 0.859885 0.022678 0.064878
15 0.271335 0.390955 0.022102 0.047234
