15 0.19728400000000001 0.43004000000000003 0.026874 0.062188
15 0.221666 0.406018 0.027016 0.058962
15 0.196995 0.377869 0.025604 0.058038
15 0.75711 0.8239829999999999 0.02578 0.061918
15 0.291873 0.47612 0.028744 0.061694
15 0.196156 0.575102 0.025636 0.056642
15 0.195129 0.526422 0.025308 0.056548
15 0.267721 0.458447 0.02889 0.061876
15 0.244547 0.525608 0.028842 0.06532
15 0.24368299999999998 0.480839 0.026734 0.056596
15 0.246301 0.428426 0.027794 0.065236
15 0.196243 0.47866 0.027596 0.050994
15 0.22024400000000002 0.495524 0.026832 0.067114
15 0.267576 0.500776 0.03306 0.0734
15 0.217842 0.547175 0.028082 0.060678
15 0.221746 0.45228999999999997 0.028734 0.048558
15 0.282237 0.483153 0.029996 0.068896
15 0.200905 0.513121 0.025496 0.067838
15 0.257262 0.515548 0.0319 0.078572
15 0.228366 0.505957 0.02877 0.073662
15 0.22691399999999998 0.467018 0.029118 0.065346
