15 0.617664 0.55453 0.026722 0.064398
15 0.115091 0.7475430000000001 0.028968 0.055784
15 0.298612 0.7549710000000001 0.025674 0.06122
15 0.40548 0.827987 0.02503 0.064336
15 0.861349 0.217216 0.02755 0.060344
15 0.801374 0.557596 0.027342 0.062906
15 0.22715 0.182569 0.028472 0.06438
15 0.7708160000000001 0.126109 0.025902 0.055918
15 0.187265 0.40194799999999997 0.025574 0.053156
15 0.9588279999999999 0.474949 0.027494 0.056454
15 0.499006 0.746772 0.02383 0.052062
15 0.8765539999999999 0.493523 0.024282 0.053372
15 0.08655600000000001 0.836927 0.027458 0.053142
15 0.527232 0.8625339999999999 0.021088 0.058172
15 0.375465 0.364123 0.02645 0.059348
15 0.27183199999999996 0.392297 0.021928 0.048754
