15 0.617746 0.5530579999999999 0.025782 0.063246
15 0.226129 0.17882800000000001 0.02835 0.060848
15 0.29847199999999996 0.754607 0.026364 0.06528
15 0.405094 0.8272660000000001 0.024788 0.064956
15 0.24321099999999998 0.7495729999999999 0.026856 0.057578
15 0.861897 0.214843 0.02792 0.057546
15 0.801275 0.5553640000000001 0.0272 0.061282
15 0.95848 0.473713 0.027814 0.058038
15 0.771282 0.123947 0.025704 0.054108
15 0.126568 0.836955 0.025612 0.054802
15 0.8766299999999999 0.491369 0.024344 0.054464
15 0.498397 0.747301 0.021524 0.048368
15 0.527363 0.860119 0.02316 0.06618
15 0.375604 0.36282600000000004 0.02665 0.059374
15 0.271518 0.39108899999999996 0.022362 0.047438
