15 0.6177349999999999 0.553279 0.025928 0.063162
15 0.115117 0.7469779999999999 0.028118 0.055076
15 0.405267 0.827296 0.024232 0.063288
15 0.298596 0.754016 0.025152 0.061444
15 0.80134 0.555915 0.027328 0.06145
15 0.861732 0.215021 0.02774 0.057556
15 0.18698900000000002 0.401382 0.025838 0.053602
15 0.958697 0.47191900000000003 0.030972 0.054004
15 0.770888 0.124571 0.0255 0.054016
15 0.876446 0.491757 0.024678 0.054814
15 0.498377 0.747507 0.021192 0.047546
15 0.52737 0.860663 0.022848 0.064852
15 0.375599 0.362848 0.026204 0.059752
15 0.271518 0.39041 0.02225 0.04804
15 0.08694299999999999 0.835745 0.026334 0.05159
15 0.22930999999999999 0.18013099999999999 0.020756 0.055058
