15 0.617757 0.5532119999999999 0.025982 0.062884
15 0.225911 0.178362 0.028314 0.06216
15 0.298359 0.7544810000000001 0.025608 0.061312
15 0.40410599999999997 0.825973 0.029616 0.063072
15 0.27702400000000005 0.6139169999999999 0.025908 0.05758
15 0.6382990000000001 0.825563 0.02787 0.057482
15 0.801045 0.554569 0.02638 0.059668
15 0.9584010000000001 0.47385499999999997 0.027022 0.057808
15 0.126439 0.83695 0.026076 0.056946
15 0.7711100000000001 0.12451899999999999 0.025748 0.053668
15 0.527361 0.859564 0.023566 0.065184
15 0.27121700000000004 0.39056199999999996 0.022236 0.047344
