15 0.617884 0.552815 0.02551 0.062968
15 0.22597 0.178683 0.028334 0.061788
15 0.415242 0.165987 0.026556 0.056646
15 0.298476 0.7545550000000001 0.025356 0.06089
15 0.404912 0.827579 0.024518 0.064806
15 0.276886 0.614124 0.025884 0.0577
15 0.801146 0.55503 0.026626 0.060534
15 0.958489 0.474229 0.027206 0.058374
15 0.7713720000000001 0.124222 0.025552 0.054584
15 0.126472 0.836955 0.025994 0.056334
15 0.49856300000000003 0.747479 0.021472 0.048148
15 0.527308 0.85972 0.022736 0.064824
15 0.271378 0.390523 0.022058 0.047452
