15 0.617696 0.552778 0.025696 0.063668
15 0.226077 0.17888199999999999 0.028458 0.061196
15 0.405043 0.8269029999999999 0.025284 0.06581
15 0.298433 0.755058 0.025358 0.062748
15 0.345005 0.786333 0.025876 0.062312
15 0.861894 0.21516000000000002 0.027694 0.05758
15 0.8011969999999999 0.555673 0.026948 0.060884
15 0.7710279999999999 0.12490499999999999 0.025774 0.054108
15 0.126433 0.837428 0.02604 0.057254
15 0.9586239999999999 0.47402099999999997 0.027872 0.057804
15 0.876554 0.49151100000000003 0.024358 0.053954
15 0.21237499999999998 0.562776 0.021912 0.048122
15 0.498562 0.747446 0.021328 0.047724
15 0.52737 0.860386 0.023234 0.06468
15 0.27146200000000004 0.391055 0.022256 0.047376
