15 0.617748 0.553269 0.02585 0.063456
15 0.22614800000000002 0.178787 0.028544 0.060992
15 0.298537 0.754839 0.02532 0.061202
15 0.84082 0.329666 0.027746 0.05888
15 0.404536 0.826173 0.025614 0.064008
15 0.276807 0.6142110000000001 0.025692 0.057182
15 0.801157 0.555855 0.026702 0.0601
15 0.126465 0.83734 0.026076 0.057426
15 0.95844 0.473703 0.02749 0.057892
15 0.771173 0.124832 0.025548 0.053728
15 0.876741 0.491429 0.023988 0.053614
15 0.49841799999999997 0.747849 0.021366 0.048572
15 0.27143700000000004 0.390974 0.021916 0.04689
15 0.527174 0.859507 0.022016 0.065542
