15 0.617726 0.5527709999999999 0.025636 0.063616
15 0.225988 0.178469 0.028404 0.061644
15 0.29850499999999996 0.75462 0.025396 0.061038
15 0.6817719999999999 0.488365 0.025326 0.059024
15 0.40507 0.827309 0.024648 0.065432
15 0.27699599999999996 0.613846 0.02589 0.057598
15 0.8013560000000001 0.555249 0.026412 0.060532
15 0.9584790000000001 0.47385 0.02726 0.05873
15 0.771251 0.124632 0.025852 0.054594
15 0.126443 0.837333 0.025912 0.056448
15 0.498477 0.747613 0.021198 0.04742
15 0.5272779999999999 0.85967 0.02273 0.064958
15 0.2713 0.390763 0.022138 0.0473
