15 0.617413 0.37294 0.027392 0.060424
15 0.617773 0.5529299999999999 0.025782 0.063246
15 0.22598800000000002 0.178471 0.028388 0.061602
15 0.298504 0.7546080000000001 0.025426 0.061088
15 0.405057 0.827321 0.0246 0.065254
15 0.276988 0.61385 0.02593 0.057784
15 0.801248 0.555574 0.02676 0.06072
15 0.9585819999999999 0.474119 0.027302 0.05853
15 0.7711899999999999 0.12484899999999999 0.025626 0.054714
15 0.126434 0.837355 0.02591 0.05635
15 0.498457 0.747548 0.02111 0.047074
15 0.527215 0.859391 0.022414 0.064354
15 0.271302 0.39078999999999997 0.022116 0.047276
