15 0.6177429999999999 0.553318 0.025888 0.063486
15 0.22712 0.181918 0.028012 0.063166
15 0.115058 0.7470429999999999 0.028498 0.055362
15 0.404982 0.8258300000000001 0.025414 0.063746
15 0.29862099999999997 0.754562 0.0253 0.061928
15 0.861839 0.215561 0.02775 0.057702
15 0.80136 0.556233 0.026784 0.060128
15 0.7710370000000001 0.124837 0.025724 0.054328
15 0.187308 0.401703 0.025502 0.052446
15 0.958806 0.474285 0.027824 0.057332
15 0.876742 0.491567 0.024078 0.053348
15 0.498557 0.7479060000000001 0.021662 0.048774
15 0.375626 0.363291 0.026432 0.059966
15 0.08712 0.8362419999999999 0.026514 0.052404
15 0.527325 0.860209 0.02241 0.065402
15 0.27164699999999997 0.391055 0.021844 0.04692
