15 0.617752 0.553262 0.025842 0.06349
15 0.226145 0.178788 0.028548 0.06099
15 0.298536 0.754827 0.025324 0.061198
15 0.8408549999999999 0.329554 0.027718 0.058666
15 0.404535 0.8261719999999999 0.025612 0.06401
15 0.276805 0.61421 0.025694 0.05718
15 0.801156 0.5558310000000001 0.026678 0.060016
15 0.126468 0.83733 0.026096 0.057494
15 0.9585170000000001 0.473779 0.027538 0.057962
15 0.771122 0.124723 0.025588 0.053294
15 0.876734 0.491383 0.024012 0.053592
15 0.498419 0.747852 0.02137 0.04859
15 0.271436 0.39096200000000003 0.021918 0.046892
15 0.5271790000000001 0.859515 0.022024 0.065552
