15 0.6177680000000001 0.553029 0.025678 0.063328
15 0.22618000000000002 0.178701 0.028666 0.061114
15 0.298523 0.754513 0.025292 0.06032
15 0.840836 0.329456 0.027752 0.058872
15 0.40500600000000003 0.827433 0.024738 0.064664
15 0.277018 0.614044 0.025754 0.057256
15 0.8012779999999999 0.555276 0.02659 0.060108
15 0.126241 0.837581 0.02597 0.05656
15 0.9585980000000001 0.473367 0.027228 0.05711
15 0.771216 0.124213 0.025552 0.05323
15 0.8768720000000001 0.491229 0.023972 0.053436
15 0.498452 0.74771 0.021396 0.048206
15 0.527354 0.859988 0.02264 0.064818
15 0.271489 0.390911 0.022076 0.046944
