15 0.6178300000000001 0.553071 0.025756 0.063402
15 0.225998 0.17873099999999997 0.028432 0.06114
15 0.29844600000000004 0.75457 0.025298 0.060792
15 0.415193 0.165912 0.026574 0.05631
15 0.404812 0.827616 0.024444 0.064772
15 0.27678400000000003 0.61399 0.025598 0.056966
15 0.801019 0.555361 0.026734 0.060518
15 0.77137 0.125101 0.025936 0.054772
15 0.95853 0.474192 0.027224 0.058432
15 0.126096 0.8373 0.02597 0.056394
15 0.49834 0.747739 0.021218 0.04789
15 0.2714 0.390896 0.022316 0.047838
15 0.527152 0.859508 0.022166 0.06484
