15 0.6178400000000001 0.553217 0.025916 0.063156
15 0.22592500000000001 0.178447 0.02832 0.061928
15 0.298311 0.754341 0.025458 0.061214
15 0.404927 0.827624 0.024334 0.064162
15 0.415241 0.165801 0.026478 0.055606
15 0.276946 0.614113 0.02585 0.057196
15 0.801207 0.554793 0.026582 0.05992
15 0.9583529999999999 0.47380099999999997 0.026938 0.057824
15 0.771125 0.124449 0.02582 0.054524
15 0.126544 0.837035 0.025876 0.056528
15 0.498392 0.747567 0.021164 0.04746
15 0.5271490000000001 0.8593660000000001 0.022002 0.064866
15 0.27127199999999996 0.390587 0.021924 0.04694
