15 0.617749 0.5532689999999999 0.025852 0.063462
15 0.22614099999999998 0.178791 0.028562 0.061008
15 0.298538 0.754834 0.025324 0.061222
15 0.840831 0.329673 0.0277 0.058734
15 0.404536 0.8261689999999999 0.025626 0.064026
15 0.276806 0.6142070000000001 0.025684 0.057182
15 0.801159 0.5558540000000001 0.0267 0.0601
15 0.126479 0.837394 0.026068 0.057488
15 0.958441 0.473696 0.027496 0.057862
15 0.771172 0.124827 0.025552 0.053718
15 0.8767429999999999 0.49143899999999996 0.02399 0.053622
15 0.49842 0.747852 0.02137 0.048584
15 0.271434 0.39095799999999997 0.0219 0.04689
15 0.527177 0.859513 0.022024 0.065556
