15 0.617731 0.55321 0.02597 0.063434
15 0.22591 0.178651 0.02838 0.061854
15 0.298358 0.754338 0.025424 0.060844
15 0.40405800000000003 0.8263170000000001 0.029374 0.061592
15 0.276959 0.614071 0.02583 0.05736
15 0.638425 0.82692 0.02444 0.056188
15 0.801217 0.555254 0.026556 0.059942
15 0.9584550000000001 0.473933 0.027274 0.058554
15 0.126466 0.837062 0.025966 0.056366
15 0.771167 0.124784 0.025546 0.05415
15 0.527282 0.8597619999999999 0.02332 0.064992
15 0.271276 0.39053400000000005 0.022198 0.04756
