15 0.617781 0.5530430000000001 0.025712 0.063214
15 0.226196 0.178753 0.02864 0.061042
15 0.298541 0.7545339999999999 0.025314 0.060282
15 0.840863 0.329519 0.02786 0.059044
15 0.405013 0.82743 0.024792 0.06467
15 0.27702400000000005 0.614085 0.025808 0.057454
15 0.801295 0.555218 0.026606 0.06009
15 0.126324 0.837707 0.025968 0.056378
15 0.958711 0.4712 0.03031 0.053248
15 0.7712370000000001 0.12421299999999999 0.025552 0.0533
15 0.8769589999999999 0.491226 0.02399 0.053212
15 0.498466 0.747621 0.021344 0.048042
15 0.527354 0.860016 0.022662 0.064886
15 0.271486 0.390934 0.022084 0.046976
