15 0.6177670000000001 0.553315 0.026032 0.063878
15 0.227296 0.18212499999999998 0.028138 0.062982
15 0.11510200000000001 0.747412 0.028432 0.055
15 0.298693 0.7544470000000001 0.02544 0.062372
15 0.404901 0.82562 0.025282 0.063656
15 0.861752 0.21562499999999998 0.027652 0.057988
15 0.8013100000000001 0.55611 0.02723 0.061404
15 0.187326 0.401299 0.025806 0.053226
15 0.7710819999999999 0.124736 0.02582 0.053888
15 0.958731 0.47424700000000003 0.027776 0.057362
15 0.8766079999999999 0.491784 0.024244 0.0532
15 0.49858800000000003 0.747664 0.021538 0.048486
15 0.37571699999999997 0.363581 0.025982 0.05907
15 0.087075 0.836344 0.026542 0.052366
15 0.5272049999999999 0.8598250000000001 0.022344 0.0655
15 0.27155100000000004 0.390775 0.02185 0.046686
