15 0.617784 0.552657 0.02575 0.063396
15 0.22619 0.17880400000000002 0.028352 0.061136
15 0.115211 0.746692 0.028466 0.05562
15 0.298679 0.753934 0.025138 0.06129
15 0.40553100000000003 0.8271700000000001 0.023468 0.063004
15 0.862247 0.214837 0.027564 0.056928
15 0.8013319999999999 0.555107 0.026962 0.06078
15 0.187247 0.40141899999999997 0.026062 0.05392
15 0.958603 0.47164799999999996 0.030796 0.053908
15 0.77097 0.123406 0.0255 0.05339
15 0.876484 0.491744 0.024588 0.054914
15 0.498572 0.7470169999999999 0.021126 0.047842
15 0.375827 0.36310000000000003 0.026514 0.060018
15 0.087213 0.835801 0.026498 0.052442
15 0.52732 0.859896 0.022886 0.064582
15 0.271884 0.39025899999999997 0.021602 0.046878
