15 0.617672 0.552969 0.025768 0.063044
15 0.225983 0.178398 0.02847 0.061772
15 0.29849299999999995 0.75461 0.02538 0.06102
15 0.405032 0.8273440000000001 0.024656 0.065506
15 0.27691000000000004 0.613884 0.025804 0.057328
15 0.801152 0.555626 0.026522 0.060018
15 0.913424 0.502128 0.027604 0.053824
15 0.958525 0.47032599999999997 0.027388 0.058044
15 0.126443 0.837328 0.025898 0.056498
15 0.498555 0.747524 0.021074 0.047192
15 0.5272610000000001 0.8595459999999999 0.022466 0.064828
15 0.271312 0.390749 0.02209 0.047264
15 0.770242 0.12294 0.023042 0.054352
