15 0.617763 0.5528270000000001 0.02582 0.063236
15 0.226266 0.17896299999999998 0.028464 0.060926
15 0.115185 0.7468490000000001 0.028392 0.055392
15 0.298707 0.753992 0.025232 0.061742
15 0.405522 0.827185 0.02386 0.063602
15 0.862203 0.21527100000000002 0.027482 0.057296
15 0.801355 0.555312 0.02709 0.061252
15 0.18732 0.401583 0.025914 0.053652
15 0.958615 0.471873 0.030788 0.053812
15 0.7710279999999999 0.123735 0.025618 0.053776
15 0.8765219999999999 0.491666 0.024536 0.055064
15 0.498583 0.7471519999999999 0.021218 0.048072
15 0.375786 0.363215 0.026524 0.059906
15 0.08720599999999999 0.835839 0.026306 0.05235
15 0.527338 0.860078 0.022926 0.06458
15 0.271844 0.39040199999999997 0.021636 0.0467
