15 0.617897 0.553096 0.02591 0.06345
15 0.225966 0.178518 0.028402 0.06147
15 0.298398 0.7546120000000001 0.025366 0.06078
15 0.8406750000000001 0.32911599999999996 0.027746 0.05839
15 0.404984 0.827622 0.02439 0.064568
15 0.27683 0.613967 0.025796 0.057276
15 0.80123 0.555197 0.026886 0.060734
15 0.126291 0.8371689999999999 0.025898 0.056296
15 0.958435 0.471198 0.030256 0.052952
15 0.876679 0.491017 0.024176 0.053612
15 0.498419 0.747442 0.021212 0.047422
15 0.271311 0.39060300000000003 0.022104 0.04732
15 0.527185 0.858799 0.022006 0.064822
