15 0.617751 0.553274 0.025848 0.06346
15 0.226146 0.178813 0.02854 0.060984
15 0.298541 0.754826 0.025294 0.061204
15 0.840839 0.329625 0.027876 0.059164
15 0.404544 0.826152 0.025634 0.064146
15 0.276808 0.614158 0.025696 0.05714
15 0.801219 0.55608 0.026844 0.06066
15 0.126341 0.8373659999999999 0.02605 0.057548
15 0.958544 0.473896 0.027604 0.057982
15 0.771111 0.124855 0.02575 0.05363
15 0.876803 0.491421 0.024142 0.053848
15 0.498417 0.747895 0.02139 0.048644
15 0.271439 0.390961 0.021938 0.04692
15 0.527158 0.85949 0.021974 0.065418
