15 0.6178480000000001 0.553214 0.02591 0.063166
15 0.22600199999999998 0.178411 0.028456 0.06154
15 0.298409 0.754391 0.02547 0.061342
15 0.41519 0.165791 0.026406 0.056068
15 0.40495299999999995 0.82746 0.024372 0.06429
15 0.276994 0.614086 0.025904 0.057306
15 0.8010609999999999 0.554526 0.026498 0.059596
15 0.9583489999999999 0.473863 0.027154 0.058364
15 0.126438 0.837146 0.025956 0.05677
15 0.7711439999999999 0.12450800000000001 0.025626 0.053684
15 0.498524 0.747601 0.021124 0.047586
15 0.5272760000000001 0.859665 0.022248 0.064854
15 0.271339 0.39062399999999997 0.021882 0.04702
