15 0.61778 0.553302 0.026136 0.063774
15 0.226269 0.179192 0.02853 0.060372
15 0.115087 0.7470870000000001 0.028524 0.055312
15 0.29867 0.754305 0.025334 0.061908
15 0.404887 0.82597 0.025088 0.062396
15 0.861916 0.21570399999999998 0.027562 0.058314
15 0.8013319999999999 0.556006 0.026868 0.060322
15 0.187227 0.401488 0.025602 0.052886
15 0.771045 0.124309 0.025734 0.053934
15 0.958789 0.47201 0.03052 0.052972
15 0.876719 0.49149899999999996 0.024046 0.053098
15 0.498659 0.747607 0.021482 0.048174
15 0.375786 0.363467 0.026594 0.059852
15 0.087007 0.8361999999999999 0.026342 0.05218
15 0.5272330000000001 0.860124 0.022108 0.0652
15 0.271784 0.39039599999999997 0.021676 0.047194
