15 0.617716 0.552978 0.02586 0.063016
15 0.226027 0.178719 0.028586 0.06134
15 0.840805 0.329646 0.027918 0.059014
15 0.29843200000000003 0.754723 0.025368 0.061168
15 0.40497099999999997 0.827375 0.024438 0.06449
15 0.27673099999999995 0.613975 0.025704 0.057304
15 0.801167 0.555316 0.026568 0.059852
15 0.126419 0.837239 0.02586 0.056806
15 0.9583229999999999 0.473024 0.027032 0.056736
15 0.7710899999999999 0.124498 0.02552 0.053472
15 0.876751 0.491356 0.023866 0.052782
15 0.498459 0.747517 0.021106 0.04763
15 0.527281 0.859713 0.022614 0.065048
15 0.271337 0.390903 0.022098 0.047192
