15 0.19708 0.430099 0.026854 0.062362
15 0.22154200000000002 0.405875 0.026768 0.05745
15 0.19672 0.377457 0.02531 0.058936
15 0.757066 0.823957 0.025512 0.060796
15 0.291769 0.47625799999999996 0.028994 0.060966
15 0.19633 0.574186 0.025722 0.056316
15 0.26784 0.457121 0.028664 0.060666
15 0.194746 0.525481 0.025312 0.055712
15 0.244432 0.52456 0.029194 0.066628
15 0.24535300000000002 0.428209 0.026322 0.064098
15 0.243588 0.47957700000000003 0.025788 0.055462
15 0.19599699999999998 0.477557 0.027288 0.05069
15 0.267687 0.500357 0.032734 0.072758
15 0.220148 0.495355 0.026554 0.06622
15 0.221702 0.451262 0.028698 0.047772
15 0.21781899999999998 0.5465570000000001 0.028748 0.061428
15 0.200393 0.512546 0.025478 0.065562
15 0.28275 0.483321 0.029964 0.068626
15 0.25754 0.515017 0.03198 0.0793
15 0.230871 0.506313 0.028178 0.075184
15 0.227769 0.46474499999999996 0.026712 0.075224
