15 0.6178319999999999 0.5530740000000001 0.025756 0.063406
15 0.225989 0.178711 0.028398 0.06117
15 0.29845099999999997 0.7545379999999999 0.025314 0.06076
15 0.415201 0.16584000000000002 0.02649 0.056138
15 0.404828 0.82757 0.024306 0.064656
15 0.276838 0.614012 0.025678 0.057104
15 0.8010780000000001 0.555414 0.026774 0.0608
15 0.7713760000000001 0.12505 0.025924 0.054868
15 0.958545 0.474163 0.027254 0.058616
15 0.12606499999999998 0.837357 0.025928 0.056276
15 0.498349 0.747697 0.021196 0.04781
15 0.271418 0.390883 0.022296 0.04782
15 0.527154 0.859548 0.022174 0.064832
