15 0.61782 0.552938 0.025566 0.063218
15 0.225962 0.178755 0.02837 0.061514
15 0.29842599999999997 0.754584 0.025408 0.061098
15 0.404901 0.827549 0.024718 0.064984
15 0.480854 0.128721 0.02477 0.062504
15 0.276781 0.614013 0.025752 0.057342
15 0.8010349999999999 0.555078 0.026776 0.060998
15 0.958281 0.473947 0.027284 0.058718
15 0.126313 0.837079 0.026 0.056756
15 0.771282 0.124212 0.02564 0.053932
15 0.49857199999999996 0.7474839999999999 0.021392 0.047988
15 0.527308 0.859599 0.022656 0.06481
15 0.271372 0.39041200000000004 0.021966 0.04732
