15 0.617889 0.553111 0.025512 0.06277
15 0.22597199999999998 0.178616 0.028394 0.06176
15 0.29849000000000003 0.754532 0.02546 0.06117
15 0.404905 0.827551 0.02459 0.064842
15 0.276958 0.6139830000000001 0.025836 0.057762
15 0.578179 0.301299 0.025994 0.058292
15 0.801243 0.555153 0.026658 0.060462
15 0.9584560000000001 0.47401 0.027206 0.05867
15 0.771473 0.124405 0.025558 0.054664
15 0.126506 0.8371 0.026058 0.056922
15 0.498569 0.7475269999999999 0.021394 0.047858
15 0.527242 0.8595389999999999 0.02255 0.065076
15 0.271419 0.39045799999999997 0.022092 0.047434
