15 0.617756 0.5531809999999999 0.025862 0.063826
15 0.226116 0.17913300000000001 0.028482 0.061344
15 0.8617480000000001 0.21574300000000002 0.027562 0.058192
15 0.8011910000000001 0.555879 0.027192 0.061226
15 0.27649799999999997 0.6143740000000001 0.02516 0.05519
15 0.404654 0.8273640000000001 0.023198 0.061492
15 0.7710130000000001 0.124772 0.02573 0.053998
15 0.958681 0.474138 0.027754 0.057546
15 0.876563 0.491733 0.024418 0.054672
15 0.35171300000000005 0.73841 0.026086 0.059798
15 0.498425 0.747529 0.02114 0.047448
15 0.27133399999999996 0.391179 0.022458 0.047516
15 0.527239 0.85963 0.02175 0.063312
15 0.298462 0.752665 0.020752 0.047708
