15 0.6177250000000001 0.553238 0.025994 0.063536
15 0.22592900000000002 0.178672 0.028384 0.061926
15 0.298346 0.754348 0.02542 0.060808
15 0.40405100000000005 0.8262529999999999 0.029356 0.061794
15 0.276972 0.6140680000000001 0.02583 0.057376
15 0.638392 0.826921 0.024362 0.055996
15 0.801163 0.555217 0.026498 0.059704
15 0.958402 0.473947 0.027244 0.058424
15 0.771159 0.12478299999999999 0.025466 0.054028
15 0.126449 0.837249 0.02589 0.055882
15 0.52729 0.8596950000000001 0.023336 0.064836
15 0.271273 0.390548 0.022216 0.04757
