15 0.617796 0.553318 0.026054 0.062978
15 0.226042 0.178722 0.028462 0.061342
15 0.404081 0.82643 0.029634 0.062086
15 0.29844899999999996 0.754317 0.025372 0.060974
15 0.276966 0.614221 0.025874 0.057366
15 0.415252 0.166443 0.026068 0.054796
15 0.8012050000000001 0.5548 0.026812 0.060612
15 0.95843 0.47402299999999997 0.02708 0.058048
15 0.771126 0.124828 0.025782 0.054686
15 0.126322 0.837478 0.025802 0.056452
15 0.49834900000000004 0.747717 0.021128 0.047488
15 0.527301 0.859814 0.022178 0.065034
15 0.271283 0.39060599999999995 0.02183 0.046808
