15 0.197293 0.430095 0.026882 0.062056
15 0.22165200000000002 0.40599799999999997 0.027002 0.058936
15 0.19698 0.37793 0.025628 0.058302
15 0.757032 0.8239449999999999 0.025574 0.061062
15 0.291872 0.476213 0.028742 0.061474
15 0.196159 0.5747180000000001 0.02563 0.056324
15 0.195046 0.526219 0.025402 0.05644
15 0.267713 0.458379 0.028872 0.061612
15 0.244452 0.5253519999999999 0.0288 0.065682
15 0.24513400000000002 0.428203 0.02627 0.065104
15 0.243613 0.48053799999999997 0.02646 0.056684
15 0.196277 0.478569 0.027584 0.051026
15 0.220199 0.495195 0.026824 0.067652
15 0.26761500000000005 0.500688 0.03307 0.073116
15 0.221635 0.451907 0.028588 0.048576
15 0.217684 0.546844 0.028254 0.061692
15 0.282449 0.483073 0.02991 0.069494
15 0.20088999999999999 0.512933 0.025804 0.06754
15 0.257286 0.51536 0.031898 0.078624
15 0.22897699999999999 0.506367 0.02907 0.074734
15 0.22695200000000001 0.467349 0.029256 0.0654
15 0.2307 0.42168100000000003 0.025682 0.075404
