15 0.225951 0.178406 0.028372 0.061956
15 0.29838699999999996 0.75436 0.025604 0.061302
15 0.40406000000000003 0.826221 0.029424 0.061798
15 0.276986 0.6138009999999999 0.02595 0.057788
15 0.12634700000000001 0.836954 0.025882 0.05623
15 0.771027 0.12481300000000001 0.025528 0.054094
15 0.701792 0.31635199999999997 0.023332 0.053816
15 0.958585 0.473632 0.028134 0.059092
15 0.801575 0.554694 0.024186 0.052824
15 0.527712 0.8606050000000001 0.019954 0.055044
15 0.27137900000000004 0.390591 0.022302 0.047362
