15 0.6178769999999999 0.5531830000000001 0.025934 0.063932
15 0.227179 0.18193499999999999 0.028234 0.063262
15 0.115257 0.747098 0.028488 0.055458
15 0.405449 0.827403 0.024176 0.063644
15 0.29876199999999997 0.75434 0.025118 0.061438
15 0.8618659999999999 0.215346 0.027626 0.057804
15 0.8012490000000001 0.555863 0.02703 0.061492
15 0.187278 0.401695 0.025764 0.053338
15 0.770931 0.12433 0.02569 0.054088
15 0.9588960000000001 0.471901 0.030774 0.053392
15 0.8765109999999999 0.49183200000000005 0.02426 0.05388
15 0.498548 0.7476999999999999 0.021382 0.048528
15 0.375754 0.363329 0.026702 0.060544
15 0.087108 0.836332 0.02623 0.052538
15 0.52731 0.859518 0.022484 0.064522
15 0.271952 0.390534 0.021734 0.04664
