15 0.617847 0.553405 0.026178 0.06407
15 0.227165 0.181835 0.028034 0.063184
15 0.115037 0.747154 0.02852 0.055434
15 0.298656 0.754305 0.025264 0.061746
15 0.861834 0.215951 0.02768 0.058786
15 0.404916 0.8259879999999999 0.024938 0.062222
15 0.8012159999999999 0.556065 0.027116 0.061186
15 0.187219 0.40156800000000004 0.025574 0.052698
15 0.7709940000000001 0.124244 0.025578 0.053556
15 0.958781 0.474191 0.027726 0.0576
15 0.8764510000000001 0.49191 0.024218 0.053342
15 0.498641 0.747571 0.021462 0.048086
15 0.375761 0.363498 0.026638 0.059902
15 0.086965 0.836343 0.026458 0.052228
15 0.527235 0.86033 0.022336 0.06489
15 0.27171500000000004 0.390431 0.02175 0.047244
