15 0.61784 0.55321 0.025912 0.063108
15 0.22598900000000002 0.178423 0.028444 0.06162
15 0.298419 0.754414 0.02549 0.061396
15 0.415189 0.165791 0.026412 0.056076
15 0.404952 0.827465 0.024376 0.064258
15 0.276997 0.6141019999999999 0.02591 0.057332
15 0.8010550000000001 0.554542 0.026504 0.059478
15 0.958523 0.474007 0.027258 0.058662
15 0.12644 0.837115 0.025948 0.056796
15 0.771165 0.124422 0.025616 0.05357
15 0.498525 0.7476029999999999 0.021134 0.047602
15 0.527275 0.859673 0.022226 0.0648
15 0.27133999999999997 0.390633 0.02189 0.047042
