15 0.617769 0.553013 0.025676 0.063338
15 0.226196 0.17874700000000002 0.028664 0.060966
15 0.29848399999999997 0.754545 0.025264 0.060222
15 0.840834 0.329489 0.027836 0.059032
15 0.40502000000000005 0.827442 0.02475 0.064652
15 0.27702 0.614058 0.02576 0.057274
15 0.801281 0.5552520000000001 0.0266 0.060102
15 0.126269 0.8375739999999999 0.025942 0.056574
15 0.958655 0.473332 0.02722 0.05707
15 0.771215 0.124198 0.02556 0.053234
15 0.8768779999999999 0.49119 0.023998 0.053452
15 0.498448 0.7477079999999999 0.021398 0.048188
15 0.527308 0.859883 0.022474 0.064822
15 0.27148900000000004 0.390911 0.022078 0.046952
