15 0.6179690000000001 0.5521199999999999 0.025416 0.063742
15 0.226104 0.178095 0.027978 0.06203
15 0.11530299999999999 0.74656 0.028128 0.055622
15 0.808198 0.559624 0.026068 0.060796
15 0.298735 0.753306 0.025006 0.06058
15 0.8623310000000001 0.214227 0.02784 0.056414
15 0.187197 0.40087 0.026238 0.054308
15 0.405307 0.823906 0.023524 0.060354
15 0.7710389999999999 0.12237200000000001 0.025 0.051102
15 0.876302 0.49217999999999995 0.024318 0.054568
15 0.938764 0.434886 0.026372 0.046308
15 0.08734 0.835514 0.026856 0.052052
15 0.375849 0.363032 0.026524 0.060162
15 0.49870200000000003 0.746619 0.020838 0.047056
15 0.528434 0.854674 0.02206 0.06339
15 0.271885 0.389766 0.02179 0.047428
