15 0.617717 0.552851 0.025876 0.06331
15 0.226051 0.178566 0.028486 0.061794
15 0.298258 0.7544869999999999 0.02532 0.06123
15 0.40513699999999997 0.827451 0.024496 0.064618
15 0.276789 0.614012 0.025682 0.057142
15 0.840373 0.325609 0.026982 0.057354
15 0.801258 0.5551309999999999 0.026634 0.059634
15 0.771227 0.124177 0.025874 0.054304
15 0.958631 0.473332 0.027074 0.05673
15 0.126639 0.836228 0.025854 0.056568
15 0.876635 0.491448 0.023616 0.051854
15 0.498451 0.747429 0.021482 0.048172
15 0.5274270000000001 0.860114 0.02296 0.064008
15 0.27137 0.390862 0.022176 0.047248
