15 0.617893 0.5530459999999999 0.025814 0.063524
15 0.225967 0.178516 0.028394 0.061468
15 0.2984 0.75461 0.025366 0.060778
15 0.404995 0.827601 0.024398 0.064584
15 0.27683 0.613976 0.025792 0.05727
15 0.801187 0.555263 0.02682 0.060344
15 0.840762 0.32827999999999996 0.026492 0.055538
15 0.12628799999999998 0.837148 0.025896 0.056276
15 0.958372 0.47137599999999996 0.030428 0.053306
15 0.87669 0.490997 0.024068 0.05357
15 0.498421 0.7474379999999999 0.021196 0.047418
15 0.271306 0.390602 0.022096 0.0473
15 0.527188 0.8588319999999999 0.022058 0.064884
