15 0.617752 0.553273 0.025846 0.063458
15 0.226146 0.17880800000000002 0.028538 0.06097
15 0.298537 0.754814 0.025294 0.061162
15 0.8408370000000001 0.32963400000000004 0.027868 0.05915
15 0.404543 0.826158 0.025606 0.06406
15 0.276806 0.614162 0.025698 0.057138
15 0.8012189999999999 0.556082 0.02683 0.060624
15 0.12645 0.8373919999999999 0.026082 0.057516
15 0.958449 0.471723 0.030658 0.053926
15 0.7711100000000001 0.124859 0.02574 0.053628
15 0.8768509999999999 0.491458 0.024112 0.053494
15 0.498417 0.747903 0.021394 0.04864
15 0.27143799999999996 0.390964 0.021932 0.0469
15 0.52715 0.859476 0.021922 0.065374
