15 0.617731 0.5532630000000001 0.026014 0.063474
15 0.225867 0.178652 0.02837 0.061928
15 0.298353 0.754321 0.025428 0.060826
15 0.404059 0.826301 0.02936 0.061724
15 0.276965 0.614028 0.025866 0.057412
15 0.638421 0.8268139999999999 0.02443 0.056198
15 0.801115 0.55519 0.026466 0.059556
15 0.958454 0.47389400000000004 0.027314 0.058756
15 0.771161 0.12476399999999999 0.02543 0.054104
15 0.126521 0.837293 0.025898 0.055898
15 0.527272 0.859699 0.023344 0.065066
15 0.271277 0.390539 0.02222 0.047586
