15 0.617765 0.552526 0.025676 0.062954
15 0.225974 0.177962 0.02815 0.06301
15 0.298345 0.75431 0.025258 0.060584
15 0.276969 0.613369 0.025916 0.057832
15 0.404327 0.825891 0.029364 0.063234
15 0.801022 0.5545399999999999 0.026582 0.05974
15 0.415069 0.165945 0.026038 0.05492
15 0.9584860000000001 0.473667 0.027066 0.0583
15 0.7710999999999999 0.124197 0.025872 0.054908
15 0.126408 0.836679 0.026018 0.056482
15 0.498432 0.746992 0.020982 0.047538
15 0.527286 0.858994 0.022794 0.065536
15 0.271453 0.390594 0.02236 0.047828
