15 0.617763 0.553123 0.026006 0.06416
15 0.227129 0.181979 0.028136 0.063456
15 0.11520699999999999 0.7469429999999999 0.028522 0.05567
15 0.405583 0.82723 0.024502 0.064472
15 0.298828 0.754468 0.025144 0.061614
15 0.801291 0.5562079999999999 0.02722 0.061902
15 0.862073 0.215664 0.027456 0.057828
15 0.771017 0.124472 0.025888 0.055284
15 0.18726700000000002 0.401806 0.025932 0.053696
15 0.958629 0.47208799999999995 0.030656 0.053784
15 0.8766039999999999 0.49224399999999996 0.024354 0.054368
15 0.49852799999999997 0.747853 0.021532 0.048934
15 0.375853 0.36342199999999997 0.026376 0.059896
15 0.087118 0.836181 0.02644 0.052738
15 0.5272789999999999 0.860524 0.02277 0.064708
15 0.271801 0.390758 0.021458 0.04632
