15 0.617779 0.552948 0.025768 0.063736
15 0.226342 0.178872 0.028748 0.060514
15 0.11514 0.7471260000000001 0.028226 0.055036
15 0.298636 0.754397 0.025248 0.061974
15 0.40522 0.827221 0.024008 0.063524
15 0.86188 0.21526 0.027722 0.057588
15 0.801211 0.555877 0.027062 0.060924
15 0.187313 0.401644 0.025706 0.052944
15 0.7710910000000001 0.124303 0.025786 0.053498
15 0.9586020000000001 0.47185099999999996 0.030758 0.053522
15 0.8766349999999999 0.491563 0.024268 0.053282
15 0.49857500000000005 0.7474740000000001 0.021422 0.048248
15 0.375679 0.363324 0.026264 0.0594
15 0.087123 0.8361460000000001 0.026406 0.052386
15 0.527356 0.860408 0.022936 0.06524
15 0.271622 0.39074600000000004 0.02172 0.04678
