15 0.617788 0.553536 0.025964 0.063242
15 0.22733899999999999 0.18213500000000002 0.028188 0.063402
15 0.11522400000000001 0.7470479999999999 0.028564 0.055338
15 0.405023 0.8260770000000001 0.025394 0.063328
15 0.298735 0.7546250000000001 0.025264 0.0616
15 0.861888 0.21562299999999998 0.027756 0.058036
15 0.801408 0.556313 0.02678 0.060044
15 0.7710950000000001 0.124887 0.025724 0.05403
15 0.18739499999999998 0.401634 0.0254 0.052468
15 0.958884 0.47219599999999995 0.030816 0.053394
15 0.876829 0.49166200000000004 0.024526 0.05454
15 0.49858 0.747871 0.021656 0.048716
15 0.37580199999999997 0.363478 0.026538 0.059728
15 0.087204 0.836285 0.02665 0.052514
15 0.271769 0.39070099999999996 0.021598 0.046998
15 0.527265 0.8598129999999999 0.021898 0.065324
