15 0.617714 0.552917 0.025702 0.063306
15 0.115103 0.7468880000000001 0.028204 0.055222
15 0.40528200000000003 0.82731 0.024144 0.06333
15 0.29854499999999995 0.754016 0.025206 0.061494
15 0.861774 0.21483899999999997 0.027776 0.057536
15 0.801245 0.555548 0.026964 0.060494
15 0.958623 0.47179 0.030874 0.053636
15 0.187136 0.400246 0.025128 0.052822
15 0.770981 0.123886 0.0256 0.053064
15 0.224703 0.178262 0.023708 0.06039
15 0.876479 0.491618 0.024576 0.054422
15 0.271887 0.39092000000000005 0.0231 0.047066
15 0.375662 0.363415 0.026324 0.059642
15 0.52739 0.860381 0.022872 0.064786
15 0.498425 0.747418 0.021242 0.04745
15 0.086853 0.835756 0.026372 0.051924
