15 0.617912 0.5530210000000001 0.02584 0.063592
15 0.225965 0.17851499999999998 0.028404 0.061476
15 0.298398 0.7546120000000001 0.025366 0.060774
15 0.404987 0.827596 0.024372 0.064542
15 0.840671 0.329445 0.027432 0.058098
15 0.27683100000000005 0.613969 0.0258 0.057274
15 0.801203 0.555322 0.026982 0.060814
15 0.126283 0.837159 0.025898 0.056266
15 0.958452 0.471235 0.030332 0.05315
15 0.8766160000000001 0.490968 0.024108 0.053428
15 0.498417 0.7474529999999999 0.021194 0.047432
15 0.27131 0.390607 0.022116 0.047338
15 0.527186 0.85882 0.02204 0.064872
