15 0.6177509999999999 0.553268 0.025842 0.063472
15 0.22614299999999998 0.178788 0.02856 0.06099
15 0.298535 0.754825 0.025324 0.0612
15 0.840853 0.32956799999999997 0.027818 0.05892
15 0.404536 0.826172 0.025612 0.064022
15 0.276804 0.6142110000000001 0.025694 0.057182
15 0.801165 0.555818 0.026726 0.060108
15 0.126466 0.837338 0.026104 0.057512
15 0.958495 0.47368499999999997 0.027594 0.058178
15 0.771124 0.12462 0.025728 0.053394
15 0.87673 0.491323 0.024112 0.053836
15 0.49842 0.7478549999999999 0.021372 0.048584
15 0.27143700000000004 0.390967 0.021924 0.04691
15 0.527178 0.8595130000000001 0.022022 0.065552
