15 0.61765 0.553595 0.02617 0.063346
15 0.226004 0.178489 0.02844 0.062102
15 0.404119 0.826733 0.029792 0.061438
15 0.29848199999999997 0.7548250000000001 0.025388 0.061206
15 0.277034 0.6138129999999999 0.02595 0.05748
15 0.801094 0.5554290000000001 0.027028 0.06133
15 0.771049 0.125096 0.026276 0.056382
15 0.6210760000000001 0.848699 0.023808 0.05963
15 0.9586060000000001 0.47389000000000003 0.027298 0.059004
15 0.126403 0.8369840000000001 0.025782 0.056248
15 0.27142099999999997 0.391181 0.022516 0.047498
15 0.527351 0.859266 0.022774 0.066466
