15 0.617769 0.553029 0.025676 0.063324
15 0.226181 0.178736 0.028676 0.061228
15 0.298552 0.754523 0.025304 0.06027
15 0.840824 0.329485 0.02779 0.058954
15 0.405017 0.827433 0.024788 0.064652
15 0.27701499999999996 0.614039 0.025758 0.057244
15 0.8012750000000001 0.555266 0.026596 0.060138
15 0.126212 0.8375710000000001 0.026012 0.056666
15 0.9585750000000001 0.47336 0.027244 0.057242
15 0.7712159999999999 0.124217 0.025478 0.053164
15 0.876876 0.491226 0.024004 0.0535
15 0.498452 0.747704 0.021394 0.048198
15 0.527353 0.86001 0.022656 0.064858
15 0.271484 0.39090199999999997 0.022092 0.046974
