15 0.617688 0.553476 0.026144 0.063752
15 0.40453599999999995 0.826307 0.02643 0.066896
15 0.226241 0.179307 0.028692 0.06073
15 0.298709 0.7547640000000001 0.0254 0.061994
15 0.861644 0.216074 0.027628 0.058976
15 0.801173 0.556379 0.027412 0.06213
15 0.275729 0.614491 0.025624 0.055526
15 0.35087900000000005 0.735973 0.02653 0.062732
15 0.771074 0.125587 0.026008 0.056058
15 0.12623299999999998 0.8380380000000001 0.026118 0.057174
15 0.958636 0.47425 0.027862 0.058144
15 0.8765529999999999 0.49203600000000003 0.02432 0.05361
15 0.49858399999999997 0.747866 0.021408 0.048192
15 0.27140600000000004 0.391341 0.022426 0.047992
15 0.527245 0.859851 0.02266 0.065072
