15 0.29361200000000004 0.747107 0.026734 0.05697
15 0.131826 0.775508 0.030916 0.061606
15 0.576897 0.579315 0.026226 0.061214
15 0.22711599999999998 0.133364 0.027846 0.06279
15 0.7685379999999999 0.114151 0.026508 0.057456
15 0.868402 0.19478099999999998 0.027662 0.059318
15 0.771382 0.432633 0.02663 0.06003
15 0.742605 0.728302 0.025814 0.057988
15 0.5908260000000001 0.249196 0.024142 0.057782
15 0.188323 0.40299999999999997 0.025536 0.054036
15 0.365757 0.373294 0.022664 0.053072
15 0.081437 0.830848 0.02586 0.055982
15 0.428276 0.78698 0.0223 0.055908
15 0.27141099999999996 0.392218 0.022542 0.050712
15 0.791215 0.47210399999999997 0.023224 0.06002
15 0.403841 0.8307279999999999 0.020882 0.053732
