15 0.6178589999999999 0.552869 0.025526 0.063018
15 0.225917 0.17871 0.028308 0.061942
15 0.415194 0.16600700000000002 0.026612 0.056804
15 0.298476 0.754561 0.02534 0.060862
15 0.404862 0.827702 0.02467 0.064888
15 0.276789 0.6141679999999999 0.025882 0.057518
15 0.8011849999999999 0.5549400000000001 0.026692 0.060774
15 0.958477 0.47426 0.027222 0.058574
15 0.771352 0.124191 0.0258 0.055134
15 0.126449 0.836968 0.025894 0.056084
15 0.498536 0.7475269999999999 0.021484 0.04822
15 0.527424 0.860214 0.023104 0.064872
15 0.27132100000000003 0.390526 0.02195 0.047248
