15 0.617749 0.553162 0.025872 0.063314
15 0.226307 0.178931 0.028664 0.0608
15 0.115095 0.747136 0.02834 0.05508
15 0.29856900000000003 0.7543529999999999 0.025286 0.062074
15 0.405193 0.827224 0.024032 0.063662
15 0.861785 0.215561 0.027732 0.058244
15 0.8012830000000001 0.555916 0.02723 0.06154
15 0.18728699999999998 0.40162899999999996 0.02545 0.052472
15 0.771084 0.124359 0.025722 0.053476
15 0.958743 0.474192 0.027834 0.057648
15 0.876654 0.491672 0.024254 0.053402
15 0.49857399999999996 0.747657 0.021492 0.048388
15 0.375693 0.363625 0.026356 0.059336
15 0.08708099999999999 0.836047 0.026416 0.052192
15 0.5272389999999999 0.8600540000000001 0.022544 0.06543
15 0.271615 0.390728 0.02182 0.047084
