15 0.617705 0.5541159999999999 0.02647 0.063842
15 0.227226 0.18232399999999999 0.028364 0.06416
15 0.11510699999999999 0.747472 0.028682 0.05589
15 0.405007 0.826191 0.025588 0.06423
15 0.298912 0.7547410000000001 0.025008 0.061222
15 0.861602 0.21653599999999998 0.027548 0.059262
15 0.8013549999999999 0.5567219999999999 0.027154 0.061578
15 0.187144 0.401636 0.026052 0.054288
15 0.77103 0.12539 0.025454 0.055056
15 0.958831 0.472213 0.030802 0.05377
15 0.8766039999999999 0.492867 0.024368 0.053516
15 0.49853200000000003 0.7480009999999999 0.021568 0.048722
15 0.375593 0.36371600000000004 0.02645 0.060046
15 0.086844 0.83648 0.026876 0.05287
15 0.27182 0.390894 0.021792 0.047118
15 0.527185 0.860065 0.022522 0.064644
