15 0.8958940000000001 0.254504 0.02872 0.05804
15 0.13571 0.730982 0.028636 0.060434
15 0.559806 0.5716570000000001 0.025528 0.058618
15 0.22628399999999999 0.11782499999999999 0.025118 0.058238
15 0.811107 0.389852 0.025908 0.054052
15 0.07948 0.8271069999999999 0.025408 0.059656
15 0.190819 0.40691 0.02686 0.059872
15 0.28959999999999997 0.742088 0.025712 0.0551
15 0.6972269999999999 0.743681 0.026598 0.057492
15 0.7539640000000001 0.472721 0.023362 0.05897
15 0.7322 0.137435 0.02487 0.057576
15 0.5472360000000001 0.321042 0.023384 0.055992
15 0.271274 0.393403 0.023012 0.051308
15 0.362272 0.37509000000000003 0.02155 0.051748
15 0.41239200000000004 0.801661 0.024946 0.067448
15 0.404982 0.830728 0.02403 0.068306
