15 0.196766 0.429768 0.026948 0.062794
15 0.221528 0.40586500000000003 0.02683 0.05822
15 0.19683399999999998 0.3776 0.02541 0.058356
15 0.7572570000000001 0.823833 0.025184 0.06067
15 0.291874 0.475724 0.029236 0.061902
15 0.196533 0.573957 0.025816 0.055846
15 0.267722 0.457551 0.028572 0.06063
15 0.19475699999999999 0.525343 0.025402 0.05506
15 0.244293 0.524293 0.030932 0.067444
15 0.24539799999999998 0.427891 0.026512 0.064168
15 0.195984 0.477521 0.027374 0.050966
15 0.243571 0.479356 0.025364 0.05552
15 0.267629 0.500044 0.032874 0.071582
15 0.219754 0.49441999999999997 0.026414 0.067012
15 0.217749 0.546222 0.028976 0.061486
15 0.22125399999999998 0.450135 0.0284 0.047476
15 0.200473 0.511954 0.025982 0.065924
15 0.257242 0.514758 0.032278 0.079198
15 0.232091 0.506075 0.028148 0.074372
15 0.282369 0.48287599999999997 0.030806 0.068012
15 0.226881 0.46373400000000004 0.031146 0.07062
