15 0.61775 0.552831 0.02582 0.063118
15 0.22624 0.17874900000000002 0.028368 0.06097
15 0.115217 0.746769 0.02837 0.055528
15 0.405476 0.827194 0.023878 0.06356
15 0.29867 0.753897 0.025172 0.061576
15 0.801372 0.555175 0.027086 0.061212
15 0.8622609999999999 0.215009 0.02744 0.056684
15 0.187331 0.40146000000000004 0.02601 0.053838
15 0.958657 0.47167 0.030812 0.053874
15 0.771012 0.123712 0.025532 0.05343
15 0.8765390000000001 0.491661 0.024628 0.05505
15 0.49853800000000004 0.74718 0.021144 0.048006
15 0.37576899999999996 0.363091 0.026512 0.060182
15 0.52736 0.860262 0.023014 0.064406
15 0.08720699999999999 0.835806 0.02653 0.052394
15 0.271862 0.390355 0.021776 0.046952
