15 0.617774 0.552692 0.025776 0.063702
15 0.225989 0.178472 0.0284 0.061644
15 0.298506 0.754618 0.025392 0.061026
15 0.6730119999999999 0.473191 0.02571 0.058218
15 0.405044 0.827331 0.024628 0.06545
15 0.276991 0.61383 0.025898 0.057594
15 0.8014140000000001 0.555275 0.02621 0.060204
15 0.958503 0.47391000000000005 0.027164 0.058394
15 0.771232 0.124626 0.025676 0.05415
15 0.126444 0.837329 0.025914 0.056444
15 0.498472 0.747552 0.021108 0.047214
15 0.527316 0.8597429999999999 0.022786 0.06473
15 0.27129800000000004 0.39076 0.022144 0.047304
