15 0.6178790000000001 0.5531109999999999 0.025684 0.06333
15 0.226134 0.17894 0.028274 0.060368
15 0.298505 0.754847 0.026336 0.064362
15 0.404885 0.82728 0.025206 0.065078
15 0.24308 0.749737 0.026634 0.056386
15 0.861774 0.21574000000000002 0.027674 0.058686
15 0.8011739999999999 0.5555570000000001 0.026832 0.060054
15 0.126225 0.8371460000000001 0.026106 0.056346
15 0.771189 0.124668 0.025666 0.05463
15 0.958525 0.47402299999999997 0.028012 0.058102
15 0.8767339999999999 0.491689 0.024212 0.053766
15 0.49845300000000003 0.747606 0.021564 0.048716
15 0.37562 0.36304699999999995 0.026544 0.059846
15 0.5273899999999999 0.860513 0.023108 0.064964
15 0.271305 0.390855 0.022026 0.046752
