15 0.617878 0.553328 0.026068 0.063922
15 0.227209 0.181975 0.028252 0.063412
15 0.115242 0.7470899999999999 0.028536 0.055516
15 0.405441 0.827473 0.024246 0.063684
15 0.29875 0.754393 0.025122 0.061562
15 0.86174 0.215707 0.027718 0.058514
15 0.8012210000000001 0.555926 0.027074 0.061476
15 0.771106 0.124617 0.025926 0.054882
15 0.187225 0.40167600000000003 0.025762 0.053436
15 0.958909 0.47201699999999996 0.030806 0.053518
15 0.8764959999999999 0.492105 0.024346 0.053992
15 0.498518 0.747884 0.021428 0.04854
15 0.37576 0.363507 0.026794 0.0602
15 0.087123 0.8363520000000001 0.026236 0.052534
15 0.52724 0.859498 0.022254 0.064576
15 0.2719 0.390592 0.021596 0.046558
