15 0.617733 0.553079 0.025772 0.064136
15 0.226159 0.179157 0.028536 0.061002
15 0.115089 0.7471909999999999 0.028228 0.055248
15 0.404933 0.8259179999999999 0.025538 0.06405
15 0.298597 0.754325 0.025236 0.061834
15 0.861739 0.21542899999999998 0.027706 0.058306
15 0.8012130000000001 0.55615 0.027084 0.060576
15 0.187304 0.401758 0.026012 0.053458
15 0.7710309999999999 0.124559 0.025548 0.05391
15 0.958704 0.472018 0.03082 0.053412
15 0.8765 0.491622 0.024538 0.053946
15 0.498485 0.747937 0.021476 0.048374
15 0.375531 0.363144 0.02643 0.060004
15 0.086982 0.836283 0.026518 0.05235
15 0.527341 0.860321 0.02256 0.06494
15 0.27157899999999996 0.390578 0.021948 0.047716
