15 0.6177549999999999 0.5531940000000001 0.025996 0.062934
15 0.225904 0.17832599999999998 0.028292 0.062204
15 0.298347 0.754511 0.025612 0.061326
15 0.404112 0.825977 0.029606 0.063054
15 0.277018 0.613927 0.025922 0.057604
15 0.63835 0.825674 0.02789 0.057402
15 0.801056 0.554625 0.02647 0.059782
15 0.958629 0.473861 0.027062 0.057978
15 0.126451 0.8368420000000001 0.025958 0.056604
15 0.771084 0.12448999999999999 0.025682 0.053666
15 0.5289039999999999 0.861 0.025186 0.065344
15 0.271225 0.390554 0.022206 0.047242
