15 0.617726 0.55325 0.02595 0.06333
15 0.225846 0.17867 0.028296 0.062044
15 0.298338 0.754491 0.025452 0.060872
15 0.404068 0.826303 0.029322 0.061782
15 0.276968 0.613928 0.025832 0.057112
15 0.638451 0.8268080000000001 0.024462 0.056334
15 0.801237 0.555128 0.026416 0.059632
15 0.958542 0.474039 0.027204 0.058376
15 0.7712110000000001 0.124513 0.025578 0.05423
15 0.12645499999999998 0.83712 0.025948 0.056246
15 0.527284 0.859653 0.023374 0.064528
15 0.271331 0.39052499999999996 0.022318 0.047854
