15 0.617784 0.553308 0.026136 0.063738
15 0.226265 0.179199 0.028542 0.060348
15 0.11501700000000001 0.747112 0.028534 0.055308
15 0.298647 0.754286 0.025324 0.061884
15 0.40521399999999996 0.827379 0.02389 0.062648
15 0.861825 0.21573 0.027574 0.058432
15 0.8012750000000001 0.555962 0.026896 0.060268
15 0.187257 0.401537 0.025686 0.053068
15 0.770994 0.124332 0.02565 0.053848
15 0.958871 0.47424200000000005 0.027644 0.05717
15 0.8767459999999999 0.491587 0.024028 0.05306
15 0.498651 0.747624 0.02146 0.048144
15 0.37584 0.363484 0.026634 0.059836
15 0.08699100000000001 0.836255 0.026408 0.052224
15 0.527234 0.860239 0.022168 0.065272
15 0.27179400000000004 0.390417 0.021722 0.047262
