15 0.617694 0.5534 0.0261 0.063456
15 0.404482 0.826433 0.026252 0.066228
15 0.226233 0.179323 0.028672 0.06068
15 0.298772 0.7547419999999999 0.025416 0.061864
15 0.276651 0.6139939999999999 0.025836 0.057972
15 0.861656 0.216103 0.027626 0.058892
15 0.801176 0.556368 0.027396 0.061998
15 0.350883 0.735896 0.026464 0.062864
15 0.77108 0.125373 0.025966 0.055866
15 0.126179 0.837985 0.026158 0.057398
15 0.958673 0.47425100000000003 0.0278 0.057972
15 0.876529 0.491962 0.024284 0.053636
15 0.49857399999999996 0.74796 0.021446 0.048174
15 0.2714 0.39134399999999997 0.022428 0.047882
15 0.5272190000000001 0.8596889999999999 0.02242 0.064568
