15 0.6177819999999999 0.5525500000000001 0.025634 0.063098
15 0.225923 0.17791200000000001 0.028164 0.063006
15 0.298225 0.754312 0.025238 0.06084
15 0.276914 0.613286 0.026044 0.058216
15 0.415141 0.165339 0.026554 0.056188
15 0.40433199999999997 0.8258110000000001 0.029338 0.06336
15 0.800955 0.5544140000000001 0.02659 0.059838
15 0.9585130000000001 0.473628 0.027206 0.05875
15 0.771039 0.124184 0.025808 0.05462
15 0.12643000000000001 0.8364950000000001 0.02591 0.056264
15 0.498466 0.7468779999999999 0.020926 0.047594
15 0.5273300000000001 0.859027 0.022966 0.0652
15 0.271281 0.390262 0.022266 0.04776
