15 0.6178079999999999 0.55351 0.025958 0.063318
15 0.22734000000000001 0.182139 0.028212 0.06339
15 0.11524000000000001 0.747098 0.028564 0.055314
15 0.405038 0.826045 0.025368 0.063326
15 0.298731 0.754642 0.025262 0.061604
15 0.86188 0.21543600000000002 0.027644 0.057812
15 0.8014 0.5564140000000001 0.026752 0.059978
15 0.7710739999999999 0.12494899999999999 0.025572 0.05378
15 0.958905 0.472275 0.030854 0.053248
15 0.187392 0.401676 0.025322 0.052276
15 0.876857 0.491774 0.02415 0.0538
15 0.498581 0.747863 0.02162 0.048648
15 0.375813 0.36344899999999997 0.026572 0.059762
15 0.087114 0.836132 0.026634 0.052428
15 0.27176999999999996 0.390688 0.021608 0.046932
15 0.5272720000000001 0.859886 0.021978 0.065596
