15 0.6177579999999999 0.5532109999999999 0.02598 0.06289
15 0.225898 0.17836300000000002 0.028306 0.062134
15 0.29834499999999997 0.7545080000000001 0.025604 0.06129
15 0.404107 0.8259740000000001 0.029616 0.063044
15 0.277022 0.6139209999999999 0.025906 0.057588
15 0.638293 0.825585 0.02787 0.057512
15 0.801045 0.554573 0.026378 0.059672
15 0.9584020000000001 0.47385499999999997 0.027022 0.057804
15 0.12643300000000002 0.836937 0.026082 0.056932
15 0.771107 0.124516 0.025738 0.053648
15 0.527362 0.8595619999999999 0.023558 0.06517
15 0.27121900000000004 0.390562 0.022244 0.047346
