15 0.617768 0.5530299999999999 0.025674 0.063316
15 0.22618 0.178737 0.028692 0.061232
15 0.298545 0.7545350000000001 0.025308 0.060286
15 0.40501600000000004 0.827435 0.024796 0.064692
15 0.840824 0.329484 0.027788 0.05894
15 0.277014 0.614031 0.02576 0.057254
15 0.8012739999999999 0.5552689999999999 0.026598 0.060134
15 0.126227 0.837584 0.026032 0.05676
15 0.958573 0.473352 0.02724 0.057236
15 0.771226 0.12423400000000001 0.025526 0.05319
15 0.8768769999999999 0.491223 0.023996 0.053478
15 0.498454 0.7477050000000001 0.021398 0.048216
15 0.5273519999999999 0.860012 0.02266 0.064872
15 0.271489 0.3909 0.022096 0.04698
