15 0.6178389999999999 0.553208 0.025912 0.063112
15 0.22599100000000003 0.178422 0.028444 0.061612
15 0.29841599999999996 0.7544160000000001 0.025488 0.061398
15 0.415189 0.165792 0.02642 0.056086
15 0.40495099999999995 0.8274649999999999 0.024372 0.064272
15 0.276998 0.614093 0.025912 0.057322
15 0.801071 0.554528 0.02649 0.05949
15 0.958527 0.474019 0.027248 0.058624
15 0.126444 0.837142 0.02595 0.056788
15 0.771165 0.12442 0.025604 0.05354
15 0.49852399999999997 0.7476 0.021122 0.047584
15 0.527283 0.859718 0.022266 0.064718
15 0.271343 0.390629 0.021882 0.04703
