15 0.617816 0.553045 0.025752 0.063352
15 0.225922 0.178517 0.02833 0.061826
15 0.29847100000000004 0.7544289999999999 0.025344 0.060852
15 0.41523699999999997 0.165726 0.026512 0.056304
15 0.404829 0.827698 0.024008 0.064152
15 0.276936 0.6139349999999999 0.025798 0.057114
15 0.801137 0.5552929999999999 0.026774 0.06056
15 0.958646 0.474167 0.027092 0.05813
15 0.126236 0.8371080000000001 0.025958 0.055892
15 0.771262 0.12390999999999999 0.025892 0.052556
15 0.498371 0.747614 0.021116 0.047622
15 0.27141699999999996 0.390849 0.02213 0.047562
15 0.527161 0.859472 0.022136 0.06529
