15 0.617774 0.553027 0.025678 0.063272
15 0.226189 0.178747 0.028684 0.061102
15 0.840862 0.32953 0.027876 0.059078
15 0.29853799999999997 0.754533 0.025314 0.06027
15 0.405018 0.827465 0.024718 0.064566
15 0.27702899999999997 0.614032 0.025812 0.05748
15 0.801286 0.555234 0.02661 0.060116
15 0.12626300000000001 0.837603 0.025996 0.056578
15 0.958759 0.471256 0.030332 0.053178
15 0.771215 0.124221 0.025552 0.053206
15 0.876879 0.49122600000000005 0.023998 0.053394
15 0.49846 0.7476440000000001 0.021356 0.048078
15 0.527353 0.8600099999999999 0.022656 0.06487
15 0.271478 0.390926 0.022084 0.046958
