15 0.617749 0.553274 0.025848 0.06346
15 0.226142 0.178801 0.02854 0.061
15 0.298531 0.754818 0.025312 0.061168
15 0.840855 0.32952 0.02779 0.058866
15 0.404539 0.826161 0.025608 0.064014
15 0.276806 0.614209 0.02569 0.05717
15 0.801221 0.5560769999999999 0.026832 0.060614
15 0.126464 0.837387 0.026122 0.057568
15 0.958552 0.473764 0.027618 0.058164
15 0.771106 0.124591 0.02566 0.053282
15 0.876762 0.49142199999999997 0.0241 0.053734
15 0.498427 0.74786 0.021342 0.048524
15 0.271437 0.39096899999999996 0.021938 0.046912
15 0.527156 0.859511 0.02196 0.065366
