15 0.617607 0.553192 0.026016 0.063262
15 0.226162 0.178932 0.028644 0.06119
15 0.404654 0.8278 0.024284 0.063374
15 0.29865400000000003 0.7549279999999999 0.025162 0.06097
15 0.861739 0.215782 0.027392 0.05823
15 0.801098 0.555881 0.026928 0.060562
15 0.276757 0.614402 0.025474 0.056008
15 0.35146299999999997 0.7356320000000001 0.030032 0.062648
15 0.771177 0.12470999999999999 0.025642 0.053494
15 0.958612 0.473993 0.02772 0.057084
15 0.876568 0.491648 0.02398 0.052704
15 0.498478 0.747443 0.021164 0.04732
15 0.5273059999999999 0.860037 0.022576 0.063066
15 0.27145199999999997 0.391094 0.022412 0.0476
