15 0.617726 0.5528339999999999 0.025758 0.06327
15 0.225962 0.178419 0.02845 0.06165
15 0.298502 0.754622 0.025386 0.061078
15 0.405042 0.827345 0.024646 0.065534
15 0.276917 0.613867 0.025818 0.057376
15 0.80115 0.555508 0.026824 0.060396
15 0.8406170000000001 0.330214 0.026704 0.05655
15 0.958323 0.471332 0.03054 0.053414
15 0.126449 0.837345 0.025892 0.056492
15 0.876759 0.49137 0.023868 0.052824
15 0.498551 0.747492 0.021096 0.047272
15 0.527268 0.859634 0.022556 0.064586
15 0.271317 0.390754 0.022094 0.04727
15 0.7699290000000001 0.122949 0.021716 0.053334
