15 0.617839 0.553066 0.025712 0.063332
15 0.225993 0.17870399999999997 0.028396 0.061252
15 0.298468 0.754536 0.025312 0.06076
15 0.415201 0.165824 0.026536 0.056192
15 0.404864 0.827632 0.024176 0.064322
15 0.276875 0.613972 0.025712 0.0571
15 0.801149 0.555304 0.02677 0.06044
15 0.126262 0.837221 0.026002 0.056452
15 0.958719 0.474385 0.027086 0.057686
15 0.49834700000000004 0.7476459999999999 0.021144 0.047618
15 0.271415 0.39093100000000003 0.022354 0.047938
15 0.527142 0.859579 0.02221 0.0649
