15 0.617725 0.55324 0.026 0.063516
15 0.225867 0.17865199999999998 0.028366 0.061918
15 0.29835700000000004 0.75432 0.025418 0.060796
15 0.404048 0.826238 0.029354 0.061878
15 0.276968 0.6140129999999999 0.025844 0.057346
15 0.638358 0.826862 0.024482 0.056232
15 0.801132 0.555227 0.02649 0.059674
15 0.958484 0.47391099999999997 0.027326 0.058796
15 0.771171 0.124776 0.025476 0.054114
15 0.126447 0.837267 0.025902 0.056044
15 0.527277 0.85972 0.023344 0.064934
15 0.27127799999999996 0.390529 0.02221 0.04757
