15 0.617973 0.552048 0.025464 0.06406
15 0.226035 0.178055 0.027978 0.06239
15 0.115218 0.746554 0.028122 0.055498
15 0.29867499999999997 0.753047 0.024948 0.060344
15 0.862337 0.21405800000000003 0.027876 0.056476
15 0.187103 0.400776 0.026204 0.054042
15 0.907806 0.397173 0.026128 0.056444
15 0.405007 0.825646 0.029044 0.065404
15 0.87781 0.492656 0.023556 0.054526
15 0.771024 0.12226500000000001 0.024744 0.05061
15 0.828102 0.5737 0.024358 0.052094
15 0.08727599999999999 0.835413 0.026806 0.051888
15 0.375813 0.36300299999999996 0.026666 0.060444
15 0.498627 0.746695 0.020622 0.046708
15 0.271837 0.389685 0.021778 0.047334
15 0.536205 0.832295 0.021458 0.049286
