15 0.617744 0.553376 0.02595 0.063124
15 0.226203 0.179276 0.028562 0.060606
15 0.242583 0.7496729999999999 0.031418 0.0553
15 0.40520700000000004 0.827265 0.025008 0.065568
15 0.298552 0.754706 0.026202 0.06513
15 0.861813 0.215257 0.027846 0.057842
15 0.8012239999999999 0.555854 0.0272 0.061292
15 0.771286 0.12448400000000001 0.02594 0.055408
15 0.9584900000000001 0.471742 0.030906 0.05392
15 0.126551 0.8377549999999999 0.025886 0.055246
15 0.876694 0.491621 0.024308 0.054156
15 0.498461 0.7475409999999999 0.021516 0.04835
15 0.37556599999999996 0.362963 0.026604 0.059202
15 0.527369 0.860677 0.023194 0.065892
15 0.271402 0.391205 0.02242 0.047516
