15 0.617709 0.552895 0.025828 0.063156
15 0.225968 0.178405 0.028438 0.061688
15 0.298497 0.7546109999999999 0.025378 0.061022
15 0.40504 0.827339 0.02466 0.065538
15 0.840723 0.329534 0.027522 0.058342
15 0.27691 0.613886 0.025802 0.057318
15 0.801174 0.5555190000000001 0.026818 0.060558
15 0.9583379999999999 0.471167 0.030266 0.05309
15 0.126445 0.837357 0.025868 0.05649
15 0.876784 0.491421 0.0239 0.052714
15 0.498559 0.747534 0.021106 0.047256
15 0.5272730000000001 0.8596239999999999 0.022536 0.06456
15 0.27131299999999997 0.390748 0.022094 0.04726
15 0.769823 0.122897 0.02179 0.054432
