15 0.617731 0.5532130000000001 0.025972 0.06343
15 0.225912 0.178647 0.028372 0.061868
15 0.29834900000000003 0.754344 0.025418 0.060818
15 0.404051 0.82625 0.02934 0.061766
15 0.276959 0.614068 0.025834 0.057364
15 0.6384299999999999 0.826905 0.02436 0.056074
15 0.801216 0.5552549999999999 0.026572 0.059972
15 0.958446 0.47388199999999997 0.027294 0.058658
15 0.7711680000000001 0.124791 0.025532 0.054126
15 0.126446 0.837185 0.025912 0.05606
15 0.527277 0.859753 0.023306 0.064972
15 0.271277 0.39054999999999995 0.022206 0.047572
