15 0.197207 0.429904 0.026684 0.061966
15 0.22162300000000001 0.405929 0.026884 0.05924
15 0.196963 0.377912 0.025652 0.058224
15 0.757465 0.822701 0.025514 0.06206
15 0.291792 0.47588 0.028846 0.06118
15 0.19638699999999998 0.575038 0.025618 0.056354
15 0.195168 0.526265 0.025276 0.0564
15 0.26768499999999995 0.458315 0.028812 0.06136
15 0.244504 0.525706 0.028838 0.064824
15 0.243497 0.480431 0.026302 0.056622
15 0.246261 0.428349 0.027782 0.065132
15 0.196131 0.478232 0.027536 0.050954
15 0.220213 0.495697 0.02643 0.066364
15 0.267564 0.500599 0.033228 0.07238
15 0.221597 0.451221 0.028454 0.048018
15 0.217655 0.546912 0.027808 0.060844
15 0.20114 0.513194 0.024986 0.06697
15 0.282281 0.482908 0.030016 0.067634
15 0.256575 0.516084 0.03184 0.077384
15 0.229022 0.506519 0.028606 0.074108
15 0.227753 0.465179 0.02626 0.073914
