15 0.6178929999999999 0.553149 0.025602 0.063296
15 0.22620300000000002 0.178702 0.028212 0.06007
15 0.40517 0.827199 0.02448 0.065064
15 0.29814999999999997 0.754459 0.025608 0.061276
15 0.861937 0.215437 0.027574 0.05817
15 0.801188 0.555635 0.026898 0.060362
15 0.334804 0.16648 0.024926 0.055212
15 0.7712330000000001 0.124757 0.025802 0.05505
15 0.958628 0.47412099999999996 0.028002 0.057912
15 0.126681 0.835852 0.025548 0.05505
15 0.876736 0.491696 0.024284 0.053714
15 0.498436 0.747635 0.021158 0.048056
15 0.515796 0.10753399999999999 0.023352 0.052528
15 0.527281 0.860152 0.022892 0.064918
15 0.271308 0.390623 0.021972 0.047104
