15 0.617742 0.5530660000000001 0.02576 0.064102
15 0.226145 0.17916700000000002 0.028552 0.060972
15 0.11508800000000001 0.747202 0.02826 0.055314
15 0.404933 0.8259259999999999 0.025542 0.064074
15 0.298597 0.754337 0.025248 0.06192
15 0.8617440000000001 0.215427 0.027692 0.05829
15 0.801223 0.556153 0.027088 0.060662
15 0.187301 0.40176999999999996 0.026042 0.053568
15 0.77104 0.124554 0.025528 0.053858
15 0.958749 0.472025 0.030792 0.053302
15 0.876499 0.49161600000000005 0.024518 0.053954
15 0.498494 0.747864 0.021458 0.048242
15 0.375531 0.36314599999999997 0.026456 0.06002
15 0.08694500000000001 0.836284 0.026486 0.052322
15 0.527335 0.860344 0.022588 0.065004
15 0.271576 0.390602 0.02196 0.047832
