15 0.617769 0.5539510000000001 0.026398 0.06421
15 0.11516699999999999 0.747265 0.028638 0.055626
15 0.227218 0.182398 0.028302 0.064056
15 0.40498799999999996 0.826313 0.025766 0.063736
15 0.298851 0.754698 0.025126 0.061196
15 0.8617189999999999 0.21646300000000002 0.02737 0.058848
15 0.801424 0.556956 0.027462 0.062252
15 0.18720799999999999 0.40172399999999997 0.025854 0.053738
15 0.7711359999999999 0.125314 0.025904 0.055518
15 0.9588099999999999 0.474888 0.027564 0.056588
15 0.876528 0.492566 0.024378 0.053572
15 0.498442 0.7482209999999999 0.021468 0.048868
15 0.08702800000000001 0.836636 0.026762 0.052788
15 0.375734 0.36372699999999997 0.026686 0.0598
15 0.527242 0.859978 0.022824 0.063614
15 0.271801 0.391086 0.021522 0.047148
