15 0.6179169999999999 0.552979 0.025804 0.063642
15 0.225965 0.178514 0.028402 0.061486
15 0.298399 0.7546139999999999 0.025362 0.06079
15 0.404997 0.8275939999999999 0.024394 0.0646
15 0.276831 0.61397 0.025798 0.057274
15 0.8011860000000001 0.555253 0.026812 0.060402
15 0.8406100000000001 0.330094 0.026458 0.054952
15 0.9583980000000001 0.471389 0.030504 0.053594
15 0.126291 0.8371879999999999 0.025906 0.056336
15 0.876656 0.491035 0.024084 0.053606
15 0.498421 0.747434 0.02118 0.047406
15 0.271307 0.39060100000000003 0.022104 0.047316
15 0.52719 0.858845 0.022072 0.064948
15 0.769838 0.12249499999999999 0.021978 0.054414
