15 0.61785 0.5529080000000001 0.025742 0.063614
15 0.22611599999999998 0.17929 0.028572 0.060722
15 0.298533 0.754823 0.02593 0.06419
15 0.405034 0.827152 0.025128 0.06529
15 0.24312299999999998 0.750443 0.026286 0.057556
15 0.861624 0.215601 0.027804 0.058428
15 0.801264 0.555782 0.026988 0.06072
15 0.771115 0.125141 0.026096 0.055704
15 0.126324 0.837832 0.025868 0.056874
15 0.958693 0.471862 0.030692 0.053628
15 0.87669 0.49170899999999995 0.024066 0.053012
15 0.498395 0.747845 0.021648 0.04885
15 0.375578 0.363197 0.02658 0.059648
15 0.271323 0.391194 0.02248 0.047818
15 0.5273 0.860025 0.022766 0.065366
