15 0.617883 0.5528200000000001 0.025502 0.062958
15 0.225905 0.178482 0.028306 0.062466
15 0.415241 0.166 0.02653 0.056616
15 0.298523 0.754481 0.025384 0.060898
15 0.404923 0.827547 0.02452 0.06478
15 0.276822 0.614049 0.025796 0.057378
15 0.801092 0.5551050000000001 0.026696 0.060934
15 0.9584870000000001 0.474234 0.027308 0.058782
15 0.771371 0.124229 0.025554 0.054566
15 0.126465 0.8368650000000001 0.026018 0.05631
15 0.498587 0.7474459999999999 0.021368 0.047872
15 0.5274080000000001 0.860038 0.023084 0.064716
15 0.271402 0.39048099999999997 0.022022 0.047422
