15 0.6177710000000001 0.553018 0.025676 0.06334
15 0.226197 0.17874900000000002 0.028656 0.060966
15 0.29848399999999997 0.754539 0.025264 0.060212
15 0.8408340000000001 0.32949500000000004 0.02784 0.059042
15 0.405018 0.827437 0.024762 0.064652
15 0.277022 0.614058 0.02576 0.05728
15 0.80128 0.55526 0.0266 0.060096
15 0.126264 0.837577 0.02595 0.056572
15 0.958558 0.471252 0.030252 0.05308
15 0.771215 0.124207 0.025554 0.053212
15 0.8768739999999999 0.491194 0.023998 0.053452
15 0.498448 0.7477119999999999 0.021398 0.04818
15 0.527309 0.859885 0.022478 0.064832
15 0.271486 0.39091299999999995 0.022084 0.046962
