15 0.6176980000000001 0.552906 0.025732 0.06313
15 0.22598 0.178399 0.02847 0.06178
15 0.298492 0.754606 0.02538 0.061014
15 0.405034 0.8273469999999999 0.024648 0.065472
15 0.276912 0.613884 0.025806 0.057332
15 0.80113 0.5555450000000001 0.026402 0.059484
15 0.126442 0.8373240000000001 0.025878 0.05648
15 0.9582849999999999 0.471161 0.03026 0.053132
15 0.498555 0.747537 0.02109 0.047254
15 0.876997 0.49137800000000004 0.02181 0.047154
15 0.5272650000000001 0.8595619999999999 0.022504 0.064684
15 0.852155 0.370731 0.02502 0.05623
15 0.271313 0.390746 0.02209 0.047268
15 0.770213 0.122916 0.022664 0.0535
