15 0.35583600000000004 0.5066080000000001 0.027858 0.065128
15 0.49929999999999997 0.210894 0.02431 0.054022
15 0.320354 0.652164 0.026092 0.060134
15 0.17935600000000002 0.187761 0.026106 0.059224
15 0.21637 0.78017 0.025686 0.068308
15 0.5334829999999999 0.579354 0.026676 0.059862
15 0.149097 0.553762 0.032652 0.063802
15 0.215336 0.460536 0.025012 0.05826
15 0.243111 0.510393 0.02557 0.05957
15 0.215714 0.605811 0.023362 0.05816
15 0.139745 0.623209 0.026272 0.053724
15 0.341954 0.383728 0.023446 0.055582
15 0.371286 0.42584500000000003 0.02372 0.060772
15 0.200438 0.839647 0.024598 0.058316
15 0.262806 0.446167 0.02581 0.05931
15 0.314838 0.344171 0.022008 0.050676
15 0.35748199999999997 0.407954 0.025214 0.06138
