15 0.6177579999999999 0.55321 0.02598 0.062878
15 0.225899 0.178365 0.028308 0.062144
15 0.298344 0.754521 0.025602 0.061268
15 0.404122 0.825969 0.0296 0.06307
15 0.277021 0.613931 0.02591 0.057598
15 0.638294 0.825588 0.027878 0.05752
15 0.8010379999999999 0.554634 0.02636 0.05957
15 0.9584360000000001 0.47383699999999995 0.027022 0.057784
15 0.12642899999999999 0.836897 0.026072 0.056958
15 0.771109 0.124514 0.02574 0.053652
15 0.527378 0.859579 0.023586 0.06511
15 0.271219 0.39056399999999997 0.02225 0.047364
