15 0.617828 0.5532459999999999 0.026086 0.06384
15 0.22719499999999998 0.18182900000000002 0.02801 0.062856
15 0.115077 0.7471599999999999 0.028382 0.055254
15 0.298708 0.7541680000000001 0.025234 0.061598
15 0.8618 0.21592699999999998 0.027726 0.058864
15 0.405227 0.827395 0.02379 0.062366
15 0.801296 0.555811 0.027032 0.060834
15 0.187226 0.401668 0.025546 0.052652
15 0.771005 0.124216 0.025546 0.053436
15 0.958803 0.474194 0.027636 0.05748
15 0.876466 0.49174500000000004 0.024266 0.053668
15 0.498686 0.747552 0.021474 0.048034
15 0.375813 0.3635 0.026668 0.059844
15 0.086957 0.8362809999999999 0.026324 0.052106
15 0.527215 0.8602489999999999 0.022224 0.065192
15 0.271795 0.39048499999999997 0.021788 0.047132
