15 0.617752 0.55321 0.02598 0.062872
15 0.225903 0.17832699999999999 0.028292 0.062152
15 0.404404 0.826645 0.026058 0.064606
15 0.298301 0.754717 0.025592 0.061426
15 0.276995 0.6138790000000001 0.025924 0.057708
15 0.6383220000000001 0.825681 0.02791 0.05737
15 0.8010269999999999 0.554535 0.026476 0.059874
15 0.126474 0.836929 0.026078 0.056842
15 0.958449 0.473926 0.027054 0.057708
15 0.771085 0.124497 0.025714 0.05373
15 0.528806 0.861009 0.025416 0.065768
15 0.271239 0.39058000000000004 0.022258 0.047328
