15 0.6177309999999999 0.553172 0.025818 0.063312
15 0.226342 0.178956 0.028644 0.060792
15 0.298669 0.7543669999999999 0.025398 0.062234
15 0.11506799999999999 0.747259 0.028244 0.0548
15 0.405226 0.8271 0.024156 0.063758
15 0.861729 0.215604 0.027698 0.058066
15 0.801244 0.556037 0.027204 0.06153
15 0.187359 0.401539 0.025548 0.052844
15 0.9587000000000001 0.472017 0.03069 0.0535
15 0.771131 0.124303 0.025652 0.052988
15 0.876645 0.491719 0.02425 0.053278
15 0.498594 0.747671 0.021438 0.048128
15 0.375695 0.363579 0.026304 0.059404
15 0.087129 0.83612 0.026532 0.05203
15 0.527281 0.860012 0.022556 0.065292
15 0.271632 0.390791 0.021806 0.046962
