15 0.617743 0.553263 0.025854 0.063462
15 0.226066 0.178725 0.028612 0.061162
15 0.298517 0.75482 0.025326 0.06116
15 0.840809 0.329691 0.027738 0.058744
15 0.404539 0.826158 0.025582 0.063886
15 0.276837 0.614183 0.02574 0.057382
15 0.801152 0.555843 0.026642 0.06006
15 0.126331 0.837324 0.026018 0.057208
15 0.958413 0.47375 0.027456 0.057798
15 0.876722 0.491446 0.023964 0.053526
15 0.771118 0.12462100000000001 0.025494 0.05307
15 0.498422 0.747864 0.021358 0.04849
15 0.271419 0.39100100000000004 0.021996 0.046996
15 0.5271629999999999 0.8593189999999999 0.021952 0.065432
