15 0.6179060000000001 0.553002 0.025816 0.06364
15 0.225965 0.178516 0.028408 0.061494
15 0.29840999999999995 0.754652 0.025372 0.060876
15 0.404995 0.827598 0.024404 0.06466
15 0.276831 0.613979 0.025792 0.057266
15 0.840629 0.329757 0.027078 0.056818
15 0.801189 0.555248 0.026934 0.060586
15 0.95843 0.471408 0.03049 0.053524
15 0.126291 0.837159 0.025906 0.05637
15 0.876621 0.490865 0.024122 0.053628
15 0.49842000000000003 0.747439 0.021198 0.047428
15 0.27131 0.390602 0.022104 0.04733
15 0.527188 0.858851 0.022082 0.06499
15 0.7697120000000001 0.122834 0.02208 0.055136
