15 0.617883 0.5528139999999999 0.025506 0.062968
15 0.22595300000000001 0.17868499999999998 0.028314 0.06181
15 0.41521 0.166019 0.026474 0.05644
15 0.29848 0.754558 0.025356 0.060868
15 0.404898 0.8275840000000001 0.024492 0.064774
15 0.27683800000000003 0.6141220000000001 0.025884 0.057458
15 0.801164 0.5550050000000001 0.026676 0.060696
15 0.958494 0.474311 0.02732 0.05868
15 0.771375 0.124215 0.025566 0.0546
15 0.126479 0.836942 0.025978 0.056258
15 0.498567 0.747482 0.021474 0.048154
15 0.527309 0.859723 0.022744 0.064816
15 0.27137500000000003 0.39051800000000003 0.022054 0.047448
