15 0.6177619999999999 0.552863 0.025788 0.06281
15 0.225988 0.178475 0.02838 0.061612
15 0.298497 0.754618 0.025418 0.061064
15 0.6460899999999999 0.426144 0.02596 0.056112
15 0.405057 0.827357 0.024606 0.06525
15 0.276984 0.6138640000000001 0.025938 0.057792
15 0.801375 0.5552090000000001 0.026562 0.060246
15 0.958536 0.473962 0.027088 0.058066
15 0.126441 0.8373700000000001 0.025904 0.056308
15 0.7712169999999999 0.12457499999999999 0.025604 0.054392
15 0.49848099999999995 0.747506 0.020994 0.04697
15 0.527223 0.8593759999999999 0.022412 0.064342
15 0.27130099999999996 0.390792 0.022114 0.047284
