15 0.617758 0.553022 0.02573 0.063034
15 0.226093 0.17867 0.028302 0.061174
15 0.405219 0.827148 0.024516 0.064902
15 0.298475 0.754862 0.026162 0.06525
15 0.243165 0.749435 0.02685 0.057056
15 0.861986 0.214975 0.027924 0.05771
15 0.8011349999999999 0.555312 0.026692 0.059628
15 0.771201 0.12371199999999999 0.025578 0.053582
15 0.958526 0.471576 0.030832 0.053766
15 0.126585 0.837134 0.025708 0.055052
15 0.876654 0.491479 0.02434 0.054476
15 0.49852199999999997 0.747394 0.021512 0.04841
15 0.527396 0.860456 0.023568 0.065752
15 0.375589 0.362793 0.026568 0.059406
15 0.271479 0.39096299999999995 0.022456 0.047738
