15 0.197027 0.43014800000000003 0.026828 0.06218
15 0.221537 0.40588 0.026766 0.057438
15 0.196728 0.377434 0.025302 0.058848
15 0.756965 0.824028 0.025688 0.06127
15 0.291804 0.476228 0.02895 0.061074
15 0.196266 0.574162 0.02573 0.05642
15 0.26789999999999997 0.457187 0.028488 0.061056
15 0.19482 0.52564 0.025282 0.055606
15 0.244453 0.524636 0.029158 0.066514
15 0.245352 0.42844299999999996 0.026286 0.064356
15 0.243645 0.479392 0.025834 0.055514
15 0.26769 0.500371 0.03266 0.072894
15 0.196044 0.477553 0.027232 0.050754
15 0.220156 0.49537499999999995 0.026512 0.066174
15 0.221664 0.451164 0.028734 0.047548
15 0.217815 0.5465829999999999 0.028666 0.061176
15 0.200333 0.512594 0.025362 0.065512
15 0.282666 0.483366 0.02989 0.068538
15 0.257637 0.514973 0.031912 0.07917
15 0.230902 0.506361 0.028046 0.074926
15 0.227781 0.46457899999999996 0.026614 0.074958
