15 0.6177509999999999 0.553511 0.026052 0.063664
15 0.405349 0.827295 0.024702 0.064232
15 0.115021 0.747022 0.028546 0.055302
15 0.298657 0.7542639999999999 0.025294 0.061656
15 0.861862 0.215393 0.027576 0.057996
15 0.801207 0.555863 0.026906 0.060824
15 0.770926 0.124891 0.025808 0.05457
15 0.958793 0.47185699999999997 0.030786 0.053604
15 0.876518 0.491847 0.024334 0.053766
15 0.498477 0.747708 0.02146 0.048086
15 0.187202 0.402744 0.02394 0.049084
15 0.375621 0.36258799999999997 0.026338 0.059584
15 0.087048 0.8363210000000001 0.026608 0.052396
15 0.527104 0.8601030000000001 0.022414 0.0661
15 0.229175 0.18018599999999999 0.01674 0.04845
15 0.27142200000000005 0.390649 0.021646 0.045008
