15 0.6177779999999999 0.553146 0.025834 0.063762
15 0.226081 0.179074 0.028494 0.061194
15 0.861743 0.21548599999999998 0.02753 0.057658
15 0.801144 0.555833 0.027126 0.061028
15 0.40476 0.827577 0.023162 0.061632
15 0.276532 0.614373 0.02512 0.055056
15 0.770995 0.12476799999999999 0.025712 0.054074
15 0.958618 0.474083 0.027846 0.057762
15 0.351763 0.738576 0.02642 0.059626
15 0.876541 0.49159200000000003 0.024386 0.054628
15 0.498479 0.7474900000000001 0.02114 0.047446
15 0.271332 0.391181 0.022468 0.047478
15 0.29926800000000003 0.752844 0.021904 0.050174
15 0.5272239999999999 0.859562 0.021772 0.063396
