15 0.617832 0.553258 0.025832 0.062874
15 0.225962 0.17880300000000002 0.028346 0.061458
15 0.418416 0.159164 0.024752 0.062732
15 0.298395 0.754487 0.025316 0.060828
15 0.404866 0.827611 0.024698 0.064952
15 0.276796 0.614084 0.025774 0.057346
15 0.801082 0.555167 0.026778 0.061176
15 0.9583119999999999 0.473914 0.027332 0.059032
15 0.7712239999999999 0.124349 0.025532 0.054594
15 0.126274 0.8372189999999999 0.025894 0.056136
15 0.498516 0.747475 0.021306 0.04774
15 0.5274 0.86029 0.023156 0.06508
15 0.271301 0.39042 0.021896 0.04713
