15 0.617776 0.553148 0.02583 0.063752
15 0.226096 0.179102 0.028458 0.061018
15 0.404756 0.827563 0.023432 0.061846
15 0.861757 0.215497 0.02756 0.057664
15 0.801134 0.555867 0.027136 0.060964
15 0.276555 0.614295 0.025162 0.055388
15 0.35168900000000003 0.73566 0.02944 0.061018
15 0.9585440000000001 0.471879 0.03069 0.053728
15 0.770999 0.124788 0.025734 0.054118
15 0.8765379999999999 0.491586 0.024414 0.054598
15 0.299072 0.7534420000000001 0.022684 0.053962
15 0.49848699999999996 0.747506 0.02111 0.047566
15 0.27132500000000004 0.39115500000000003 0.022448 0.047514
15 0.5272140000000001 0.8596360000000001 0.021862 0.063438
