15 0.617726 0.553234 0.025994 0.063546
15 0.225945 0.178687 0.028376 0.06202
15 0.29834700000000003 0.754359 0.025418 0.060794
15 0.404049 0.826252 0.029362 0.061798
15 0.27696899999999997 0.6140690000000001 0.025824 0.057376
15 0.6384270000000001 0.826894 0.024366 0.05602
15 0.801168 0.555213 0.02649 0.059704
15 0.958453 0.47389699999999996 0.02726 0.058622
15 0.771158 0.12478199999999999 0.02545 0.053998
15 0.12645 0.837252 0.025882 0.055848
15 0.527281 0.8597490000000001 0.023314 0.064982
15 0.271276 0.390554 0.022208 0.047554
