15 0.6177050000000001 0.55292 0.025762 0.063906
15 0.226107 0.17892999999999998 0.028522 0.061484
15 0.404523 0.825754 0.025962 0.065402
15 0.29864999999999997 0.754799 0.025558 0.06266
15 0.801224 0.555907 0.027322 0.061938
15 0.348256 0.7537370000000001 0.02913 0.06272
15 0.86184 0.21514 0.027614 0.057662
15 0.24018799999999998 0.5860719999999999 0.02491 0.055902
15 0.771024 0.124846 0.025824 0.05421
15 0.12648500000000001 0.837462 0.02592 0.056974
15 0.95852 0.471858 0.03069 0.053634
15 0.8765430000000001 0.491684 0.024434 0.054188
15 0.498672 0.7474919999999999 0.021486 0.047904
15 0.27147 0.391352 0.022452 0.047808
15 0.5273169999999999 0.860105 0.0228 0.064188
