15 0.617578 0.553472 0.025781 0.062500
15 0.841016 0.290278 0.028906 0.063889
15 0.226172 0.179167 0.028906 0.061111
15 0.298438 0.754861 0.025000 0.059722
15 0.276953 0.614583 0.025781 0.056944
15 0.801562 0.555556 0.026562 0.061111
15 0.771484 0.124306 0.025781 0.054167
15 0.958594 0.473611 0.026562 0.055556
15 0.404687 0.824306 0.023438 0.059722
15 0.876563 0.490972 0.023438 0.051389
15 0.498437 0.747222 0.021875 0.047222
15 0.271484 0.390972 0.022656 0.048611
15 0.527344 0.859722 0.021875 0.063889
15 0.957031 0.078472 0.023438 0.070833
15 0.124219 0.825694 0.026562 0.026389
