15 0.617747 0.553296 0.026022 0.063856
15 0.226191 0.179017 0.028646 0.061342
15 0.8618370000000001 0.215456 0.02774 0.058224
15 0.8011440000000001 0.555985 0.026874 0.06056
15 0.27654300000000004 0.614448 0.025124 0.054878
15 0.404716 0.8261189999999999 0.029034 0.062916
15 0.7711490000000001 0.125019 0.025608 0.054086
15 0.9586539999999999 0.47235699999999997 0.030698 0.05314
15 0.876655 0.491896 0.02439 0.05391
15 0.35144200000000003 0.737789 0.025414 0.058866
15 0.498483 0.747639 0.020856 0.046648
15 0.27149 0.390992 0.022126 0.047166
15 0.5272150000000001 0.859763 0.021686 0.06319
15 0.298719 0.7517590000000001 0.021072 0.047428
