15 0.617783 0.5532980000000001 0.02614 0.063738
15 0.226301 0.17916100000000001 0.028588 0.0604
15 0.115061 0.7470720000000001 0.028434 0.055214
15 0.298645 0.754254 0.025326 0.061912
15 0.40522800000000003 0.827373 0.023754 0.062384
15 0.861893 0.215738 0.02764 0.058338
15 0.80128 0.555933 0.026902 0.060348
15 0.18727 0.401525 0.025626 0.052948
15 0.770954 0.124264 0.025596 0.053646
15 0.958794 0.472031 0.030666 0.053148
15 0.8767010000000001 0.491485 0.024134 0.05355
15 0.49867999999999996 0.7475130000000001 0.021388 0.04794
15 0.37583900000000003 0.36347599999999997 0.026634 0.05985
15 0.087078 0.8363280000000001 0.026376 0.052402
15 0.52725 0.8602510000000001 0.022192 0.065252
15 0.27179099999999995 0.3904 0.021712 0.04727
