15 0.6177010000000001 0.553254 0.026088 0.063426
15 0.22613 0.178988 0.02855 0.060848
15 0.84064 0.329662 0.02777 0.05878
15 0.298313 0.7545569999999999 0.025158 0.061154
15 0.405163 0.8274239999999999 0.024424 0.064754
15 0.276905 0.6141150000000001 0.025776 0.05726
15 0.801184 0.5555789999999999 0.026684 0.059974
15 0.126563 0.8372719999999999 0.026048 0.057408
15 0.7712079999999999 0.124754 0.02581 0.054654
15 0.958558 0.471493 0.03027 0.052986
15 0.8767309999999999 0.491557 0.023734 0.052276
15 0.498334 0.747922 0.021528 0.047902
15 0.5273650000000001 0.860137 0.022666 0.064068
15 0.27144599999999997 0.391212 0.022118 0.047044
