15 0.617905 0.553021 0.025802 0.063548
15 0.225966 0.17851699999999998 0.028398 0.061476
15 0.29839400000000005 0.754609 0.025364 0.060752
15 0.404983 0.82762 0.024388 0.064558
15 0.27682900000000005 0.61397 0.0258 0.057274
15 0.80119 0.555299 0.026814 0.060376
15 0.8407469999999999 0.329163 0.026266 0.054464
15 0.12628699999999998 0.83716 0.025898 0.056274
15 0.958394 0.47138 0.030414 0.053254
15 0.876683 0.491059 0.024032 0.0535
15 0.498425 0.747445 0.021192 0.047428
15 0.271308 0.390603 0.022106 0.047318
15 0.527188 0.858843 0.022068 0.06489
15 0.769714 0.12246699999999999 0.02143 0.052638
