15 0.6177269999999999 0.5533 0.025858 0.063488
15 0.22618 0.17884799999999998 0.028472 0.0607
15 0.242554 0.750105 0.03175 0.056788
15 0.40517499999999995 0.8273630000000001 0.024928 0.065142
15 0.298511 0.754741 0.026042 0.065004
15 0.861922 0.21487 0.027868 0.057392
15 0.8012389999999999 0.5554800000000001 0.027116 0.061012
15 0.771301 0.124199 0.025814 0.054468
15 0.958561 0.473631 0.027894 0.057998
15 0.126685 0.837356 0.025958 0.05562
15 0.8766390000000001 0.491556 0.024356 0.054578
15 0.498344 0.7475090000000001 0.02147 0.048172
15 0.527433 0.860589 0.02356 0.066426
15 0.37564000000000003 0.362673 0.026518 0.059396
15 0.271505 0.391082 0.022416 0.047418
