15 0.617834 0.553088 0.025712 0.063102
15 0.22597 0.17877600000000002 0.02835 0.061406
15 0.298421 0.754599 0.025402 0.06104
15 0.404881 0.827554 0.024664 0.064918
15 0.276839 0.613995 0.025788 0.057442
15 0.438371 0.130223 0.024486 0.05564
15 0.8010660000000001 0.555021 0.026672 0.060784
15 0.9584010000000001 0.47405200000000003 0.02733 0.059046
15 0.12645499999999998 0.836955 0.025976 0.05653
15 0.771325 0.124212 0.025538 0.05418
15 0.498535 0.747474 0.021324 0.047798
15 0.5273549999999999 0.8601179999999999 0.022992 0.064598
15 0.271333 0.390441 0.021892 0.04719
