15 0.617742 0.553313 0.02589 0.063504
15 0.22711499999999998 0.181938 0.028014 0.063082
15 0.11508199999999999 0.747032 0.02852 0.05528
15 0.29860699999999996 0.754591 0.025318 0.06195
15 0.40497700000000003 0.8257909999999999 0.025368 0.063608
15 0.861827 0.215597 0.02775 0.057692
15 0.801345 0.556194 0.026826 0.060122
15 0.7710279999999999 0.124865 0.025718 0.054294
15 0.187286 0.401644 0.02549 0.052492
15 0.9587800000000001 0.474332 0.02784 0.057342
15 0.876764 0.491523 0.024076 0.05326
15 0.49854000000000004 0.7478899999999999 0.021642 0.048754
15 0.375652 0.363295 0.026492 0.060048
15 0.087171 0.836175 0.026546 0.052334
15 0.5273270000000001 0.860042 0.022304 0.065256
15 0.271641 0.39103200000000005 0.021896 0.04685
