15 0.617752 0.553296 0.02603 0.06392
15 0.226207 0.17902600000000002 0.028692 0.061234
15 0.40480700000000003 0.827602 0.023482 0.06286
15 0.86175 0.215507 0.027584 0.058244
15 0.27659 0.614438 0.025346 0.055374
15 0.801147 0.555998 0.026842 0.060506
15 0.35166299999999995 0.735503 0.029978 0.062618
15 0.771146 0.125012 0.025616 0.054086
15 0.9584550000000001 0.47174 0.027932 0.05651
15 0.29913199999999995 0.754005 0.024206 0.05732
15 0.876611 0.491815 0.024294 0.053774
15 0.498551 0.7476499999999999 0.02095 0.046884
15 0.27149799999999996 0.39100799999999997 0.02221 0.047314
15 0.52721 0.8600599999999999 0.022204 0.064012
