15 0.617714 0.5528599999999999 0.025676 0.063276
15 0.115132 0.7467600000000001 0.028228 0.055306
15 0.298486 0.754065 0.025242 0.061298
15 0.40527500000000005 0.8273 0.023924 0.062732
15 0.861772 0.214817 0.02778 0.057552
15 0.801243 0.555522 0.026926 0.060474
15 0.958592 0.471752 0.030872 0.053774
15 0.77094 0.123878 0.025478 0.0529
15 0.186899 0.40066999999999997 0.024382 0.051746
15 0.876516 0.491589 0.024538 0.05429
15 0.5274319999999999 0.860538 0.023146 0.065056
15 0.498435 0.74749 0.021192 0.047522
15 0.375612 0.36363599999999996 0.025914 0.059402
15 0.086873 0.835413 0.02651 0.051972
15 0.272179 0.390461 0.021948 0.04554
15 0.219194 0.177926 0.019958 0.064436
