15 0.617893 0.553103 0.025918 0.063436
15 0.225965 0.17851899999999998 0.028396 0.061478
15 0.298399 0.754608 0.025366 0.060768
15 0.8406859999999999 0.329122 0.027812 0.05857
15 0.404995 0.827599 0.024392 0.064584
15 0.27683100000000005 0.613974 0.0258 0.057274
15 0.80123 0.555211 0.026918 0.06081
15 0.12629200000000002 0.83714 0.02589 0.056256
15 0.958407 0.47121999999999997 0.030252 0.053016
15 0.876673 0.49106000000000005 0.024218 0.053726
15 0.498416 0.7474430000000001 0.021216 0.047422
15 0.271308 0.39060900000000004 0.022112 0.047328
15 0.527179 0.858799 0.022004 0.06484
