15 0.617722 0.553242 0.025996 0.063512
15 0.225869 0.17865199999999998 0.028364 0.06192
15 0.298357 0.754316 0.02542 0.060796
15 0.40404900000000005 0.826239 0.029356 0.061882
15 0.276968 0.6140129999999999 0.025844 0.057346
15 0.638358 0.826863 0.02449 0.056252
15 0.801133 0.5552229999999999 0.026498 0.059694
15 0.958505 0.473934 0.027344 0.05881
15 0.7711600000000001 0.124779 0.02546 0.054036
15 0.126452 0.8372529999999999 0.02591 0.056034
15 0.527276 0.8597239999999999 0.023344 0.06493
15 0.27127599999999996 0.39053099999999996 0.02221 0.047568
