15 0.196774 0.429757 0.026904 0.06272
15 0.221529 0.405877 0.026816 0.058184
15 0.196829 0.377587 0.025416 0.058328
15 0.756949 0.82409 0.02559 0.06078
15 0.291848 0.47575599999999996 0.029142 0.06168
15 0.196513 0.573895 0.025786 0.055816
15 0.267669 0.45752 0.0284 0.060854
15 0.194654 0.525309 0.025436 0.054896
15 0.244284 0.5241870000000001 0.030852 0.067812
15 0.24532099999999998 0.42804 0.026456 0.06414
15 0.195906 0.47755699999999995 0.02727 0.051186
15 0.243553 0.47907500000000003 0.025126 0.055054
15 0.267633 0.500031 0.032828 0.071434
15 0.219618 0.49411700000000003 0.026414 0.067304
15 0.217817 0.546277 0.02881 0.061018
15 0.221269 0.45031600000000005 0.028336 0.047784
15 0.201122 0.511095 0.02453 0.065938
15 0.23259600000000002 0.506392 0.027666 0.074064
15 0.25715299999999996 0.514921 0.032314 0.079456
15 0.28240200000000004 0.483045 0.030668 0.067704
15 0.22686299999999998 0.463939 0.031072 0.070842
