15 0.6176680000000001 0.554558 0.026644 0.06439
15 0.115122 0.747561 0.028988 0.055754
15 0.298634 0.754949 0.025696 0.06123
15 0.405524 0.828013 0.024998 0.063972
15 0.86134 0.217161 0.027562 0.060478
15 0.801439 0.557493 0.027346 0.062956
15 0.22734 0.18252400000000002 0.028582 0.064738
15 0.770815 0.126001 0.025884 0.055798
15 0.187264 0.401947 0.025536 0.053088
15 0.95884 0.474799 0.027314 0.056138
15 0.499038 0.746891 0.023848 0.052282
15 0.086599 0.8369350000000001 0.027446 0.053106
15 0.876583 0.493485 0.024168 0.05298
15 0.527222 0.862472 0.021104 0.058386
15 0.37551999999999996 0.36406 0.02643 0.05918
15 0.271829 0.392278 0.021868 0.048674
