15 0.6177450000000001 0.5533220000000001 0.025956 0.062944
15 0.22616999999999998 0.17898699999999998 0.028446 0.060764
15 0.405242 0.827321 0.024736 0.065202
15 0.242525 0.749485 0.031392 0.055578
15 0.298542 0.754735 0.02613 0.065204
15 0.8619870000000001 0.21517999999999998 0.027924 0.057652
15 0.801204 0.555673 0.02718 0.06104
15 0.7712289999999999 0.124266 0.02589 0.055136
15 0.958603 0.471692 0.030886 0.053706
15 0.12662 0.837477 0.02586 0.05535
15 0.8767320000000001 0.491412 0.024286 0.053996
15 0.49848 0.747469 0.021486 0.048246
15 0.527421 0.86094 0.023538 0.0659
15 0.37557100000000004 0.362873 0.026584 0.059178
15 0.271452 0.39114 0.022424 0.047264
