15 0.6177349999999999 0.553231 0.02598 0.063402
15 0.22592900000000002 0.17859599999999998 0.028374 0.061922
15 0.298347 0.7543620000000001 0.025458 0.061052
15 0.40406600000000004 0.826291 0.02934 0.061804
15 0.276973 0.6138549999999999 0.025838 0.057062
15 0.6384460000000001 0.8267589999999999 0.024466 0.056266
15 0.80127 0.555211 0.026488 0.059836
15 0.958521 0.47388199999999997 0.027162 0.058372
15 0.7711800000000001 0.124529 0.0254 0.053948
15 0.126421 0.837188 0.025886 0.055994
15 0.5273 0.859775 0.023442 0.064616
15 0.271326 0.390527 0.022328 0.04786
