15 0.196835 0.429873 0.026928 0.06262
15 0.22156700000000001 0.40585099999999996 0.026668 0.057734
15 0.196937 0.377509 0.025428 0.05835
15 0.757247 0.824114 0.025668 0.061386
15 0.291783 0.475702 0.029258 0.06154
15 0.196565 0.574146 0.02585 0.056148
15 0.19484200000000002 0.525624 0.025266 0.055262
15 0.267701 0.45722100000000004 0.028432 0.060374
15 0.244234 0.523828 0.030856 0.067456
15 0.245176 0.42743299999999995 0.026294 0.064444
15 0.195898 0.477399 0.027368 0.051164
15 0.243424 0.478846 0.02555 0.055636
15 0.267639 0.49996999999999997 0.032918 0.071194
15 0.219835 0.494677 0.026568 0.0668
15 0.217938 0.546512 0.028804 0.061298
15 0.2213 0.45000100000000004 0.02847 0.047374
15 0.2005 0.512199 0.025766 0.066128
15 0.232532 0.506109 0.027916 0.074114
15 0.257028 0.515051 0.032326 0.078692
15 0.282574 0.482837 0.030478 0.067168
15 0.227188 0.463265 0.031372 0.069704
