15 0.225854 0.178368 0.028268 0.062064
15 0.558751 0.23372300000000001 0.02555 0.061858
15 0.403984 0.82599 0.029822 0.06261
15 0.29846900000000004 0.754702 0.02546 0.061134
15 0.27698900000000004 0.6139749999999999 0.025974 0.057718
15 0.665516 0.460734 0.025134 0.056016
15 0.801177 0.554904 0.026372 0.060196
15 0.95843 0.473912 0.027288 0.058588
15 0.771112 0.124729 0.025444 0.053792
15 0.12651099999999998 0.837072 0.025728 0.05583
15 0.529014 0.861507 0.025286 0.06604
15 0.271419 0.390843 0.022328 0.047434
