15 0.617734 0.553215 0.025972 0.063426
15 0.225911 0.178644 0.02837 0.06187
15 0.298346 0.754366 0.025412 0.060772
15 0.404052 0.8262510000000001 0.02936 0.061814
15 0.27696 0.614076 0.025832 0.057354
15 0.638434 0.826919 0.024376 0.056084
15 0.8012130000000001 0.555261 0.026566 0.059942
15 0.9584480000000001 0.47389899999999996 0.027284 0.058614
15 0.771166 0.12479 0.025522 0.05411
15 0.126446 0.837258 0.025882 0.055898
15 0.527284 0.859759 0.023324 0.064996
15 0.27127599999999996 0.39055599999999996 0.02221 0.047576
