15 0.617797 0.5524089999999999 0.025576 0.062922
15 0.225959 0.177853 0.028248 0.063054
15 0.298257 0.754263 0.025196 0.060626
15 0.27698700000000004 0.613222 0.026116 0.058376
15 0.41511400000000004 0.165806 0.026248 0.05519
15 0.8009759999999999 0.554269 0.026652 0.059976
15 0.404426 0.825757 0.029242 0.063632
15 0.958416 0.473482 0.027136 0.058586
15 0.126463 0.836459 0.02601 0.05663
15 0.771034 0.123698 0.025614 0.05333
15 0.49846300000000004 0.746892 0.020854 0.047458
15 0.527179 0.8588279999999999 0.022724 0.065138
15 0.271298 0.390273 0.022388 0.04814
