15 0.617578 0.553472 0.025781 0.062500
15 0.225781 0.178472 0.028125 0.062500
15 0.298438 0.754861 0.025000 0.062500
15 0.403906 0.826389 0.029687 0.061111
15 0.276953 0.613889 0.025781 0.058333
15 0.771094 0.125000 0.026562 0.055556
15 0.801172 0.555556 0.027344 0.061111
15 0.958594 0.473611 0.026562 0.058333
15 0.126172 0.836806 0.025781 0.056944
15 0.611719 0.857639 0.023438 0.056944
15 0.271484 0.391667 0.022656 0.047222
15 0.528906 0.861111 0.025000 0.066667
15 0.501172 0.892361 0.013281 0.015278
