15 0.617749 0.553158 0.025812 0.063112
15 0.22615 0.178723 0.028414 0.061148
15 0.29850699999999997 0.754775 0.026122 0.0653
15 0.405115 0.827261 0.02433 0.06487
15 0.243094 0.749606 0.02687 0.057446
15 0.862086 0.214936 0.027984 0.057542
15 0.80117 0.5551079999999999 0.026742 0.059826
15 0.7711859999999999 0.124031 0.025618 0.053646
15 0.958496 0.47164300000000003 0.030824 0.053668
15 0.12651300000000001 0.83709 0.025748 0.055208
15 0.876768 0.49134700000000003 0.024378 0.054304
15 0.49855099999999997 0.747341 0.021408 0.048126
15 0.527369 0.860105 0.023326 0.0656
15 0.375647 0.36273 0.02652 0.059472
15 0.271453 0.39076 0.022208 0.047462
