15 0.617702 0.553021 0.025884 0.063022
15 0.226048 0.178715 0.02857 0.061126
15 0.840774 0.329745 0.027948 0.05901
15 0.298431 0.75473 0.02536 0.061166
15 0.404976 0.827384 0.02447 0.064526
15 0.276742 0.613976 0.025726 0.057354
15 0.8012009999999999 0.555275 0.026538 0.05979
15 0.126413 0.837272 0.025864 0.056796
15 0.77122 0.124533 0.025512 0.053846
15 0.958439 0.47297900000000004 0.027072 0.057054
15 0.8767780000000001 0.491386 0.023902 0.052904
15 0.49845799999999996 0.747522 0.021098 0.047612
15 0.527286 0.859768 0.02265 0.065072
15 0.27132300000000004 0.39091699999999996 0.022086 0.047194
