15 0.617737 0.5533220000000001 0.026166 0.063222
15 0.22616 0.17891600000000002 0.028676 0.061022
15 0.840695 0.329465 0.027722 0.058698
15 0.298381 0.754618 0.025136 0.06088
15 0.40519700000000003 0.8274060000000001 0.024448 0.064896
15 0.27689800000000003 0.614151 0.025768 0.057276
15 0.801248 0.555555 0.0267 0.060044
15 0.771197 0.124649 0.02596 0.05528
15 0.12672 0.837321 0.026044 0.057312
15 0.958556 0.47152099999999997 0.030258 0.052978
15 0.876819 0.49141 0.02373 0.052154
15 0.498387 0.7479439999999999 0.021548 0.047842
15 0.5273680000000001 0.860031 0.022682 0.06406
15 0.27144199999999996 0.39122799999999996 0.022148 0.04714
