15 0.617849 0.553212 0.025912 0.063158
15 0.225997 0.178417 0.028462 0.061622
15 0.298404 0.754428 0.025468 0.061354
15 0.415173 0.165778 0.026396 0.056122
15 0.40495 0.827473 0.024284 0.064102
15 0.276982 0.6140859999999999 0.02588 0.057262
15 0.801053 0.554539 0.026474 0.05956
15 0.958337 0.474014 0.027126 0.058018
15 0.126436 0.837168 0.025968 0.056842
15 0.7711450000000001 0.1245 0.02564 0.053698
15 0.498511 0.747587 0.021104 0.047532
15 0.527273 0.859641 0.022234 0.06474
15 0.27133399999999996 0.390623 0.02189 0.047018
