15 0.617756 0.5532060000000001 0.025982 0.06289
15 0.225901 0.17835800000000002 0.028304 0.062138
15 0.298344 0.754533 0.025602 0.061288
15 0.404111 0.825975 0.029626 0.06305
15 0.277022 0.613921 0.025914 0.057612
15 0.638292 0.82558 0.02789 0.057536
15 0.8010390000000001 0.5546319999999999 0.026356 0.059562
15 0.958446 0.47381900000000005 0.026998 0.057776
15 0.126431 0.8368800000000001 0.026076 0.05698
15 0.771106 0.124515 0.025766 0.053668
15 0.527381 0.8596 0.023628 0.065196
15 0.271218 0.390564 0.022252 0.047366
