15 0.617896 0.55309 0.025684 0.063286
15 0.226106 0.178593 0.028218 0.061122
15 0.405063 0.8271930000000001 0.024748 0.065506
15 0.298454 0.755028 0.02603 0.064622
15 0.24305600000000002 0.749423 0.026834 0.05626
15 0.861918 0.21532800000000002 0.027556 0.057698
15 0.801137 0.555434 0.026764 0.059834
15 0.7711549999999999 0.124464 0.025642 0.054122
15 0.958584 0.47409100000000004 0.02802 0.058038
15 0.126403 0.837281 0.026116 0.056146
15 0.876758 0.491622 0.024254 0.053824
15 0.498484 0.7475029999999999 0.021316 0.048212
15 0.375697 0.363043 0.02662 0.059948
15 0.5273570000000001 0.860291 0.023184 0.06535
15 0.271327 0.390914 0.022014 0.04679
