15 0.6177450000000001 0.5532619999999999 0.025856 0.063462
15 0.226019 0.178752 0.028538 0.061366
15 0.29851900000000003 0.7548469999999999 0.025364 0.061316
15 0.840793 0.329756 0.02778 0.058816
15 0.404532 0.8261620000000001 0.025578 0.06386
15 0.276839 0.614178 0.025748 0.057386
15 0.801153 0.5559210000000001 0.026678 0.060172
15 0.126352 0.837272 0.02605 0.057348
15 0.95841 0.473775 0.027466 0.057816
15 0.876721 0.491447 0.024014 0.053656
15 0.771089 0.124601 0.025462 0.052954
15 0.498424 0.7478490000000001 0.021372 0.048496
15 0.271424 0.39099799999999996 0.022002 0.04702
15 0.5271579999999999 0.859316 0.021942 0.065424
