15 0.617833 0.553017 0.02578 0.06362
15 0.226243 0.17919800000000002 0.028518 0.06097
15 0.298622 0.754792 0.026048 0.064362
15 0.404266 0.825819 0.02895 0.063078
15 0.243105 0.750488 0.026256 0.057438
15 0.861828 0.215627 0.027864 0.058014
15 0.801343 0.555777 0.026996 0.060764
15 0.7712880000000001 0.125397 0.026056 0.056112
15 0.126364 0.837968 0.025874 0.057026
15 0.958661 0.47174499999999997 0.030622 0.05333
15 0.876702 0.49169300000000005 0.02402 0.052884
15 0.498405 0.74799 0.021544 0.048726
15 0.37559400000000004 0.363227 0.026444 0.059466
15 0.527343 0.860267 0.0229 0.065332
15 0.271369 0.391215 0.022456 0.047786
