15 0.617768 0.5530320000000001 0.025672 0.063314
15 0.226182 0.178738 0.028686 0.061164
15 0.298543 0.754529 0.025306 0.060276
15 0.840844 0.329493 0.027832 0.05901
15 0.405017 0.8274360000000001 0.024794 0.064666
15 0.27702299999999996 0.614034 0.025778 0.05732
15 0.801269 0.555263 0.026592 0.060118
15 0.126221 0.8375999999999999 0.026032 0.056736
15 0.958652 0.473349 0.027202 0.057176
15 0.771231 0.124228 0.025536 0.053202
15 0.876878 0.49122699999999997 0.023986 0.053464
15 0.49845100000000003 0.747704 0.021398 0.048206
15 0.5273519999999999 0.860011 0.02266 0.06487
15 0.27147899999999997 0.390917 0.022098 0.046976
