15 0.6176860000000001 0.553372 0.025948 0.063602
15 0.100256 0.797601 0.02829 0.066276
15 0.40534899999999996 0.827396 0.024384 0.063912
15 0.298723 0.754316 0.025038 0.061356
15 0.86182 0.21545499999999998 0.027684 0.05832
15 0.132616 0.711625 0.028408 0.057712
15 0.801129 0.5557000000000001 0.02682 0.06041
15 0.7709170000000001 0.124861 0.025864 0.054718
15 0.9587549999999999 0.47201499999999996 0.030908 0.053962
15 0.876534 0.491986 0.024394 0.054214
15 0.498424 0.747852 0.021434 0.047972
15 0.375583 0.36290300000000003 0.026068 0.058956
15 0.271568 0.391074 0.02181 0.045206
15 0.228873 0.182361 0.018344 0.052608
15 0.5270830000000001 0.860106 0.02245 0.066426
15 0.076919 0.8523999999999999 0.02553 0.058528
