15 0.61775 0.553214 0.026068 0.063372
15 0.225868 0.178356 0.028266 0.062106
15 0.403983 0.8260930000000001 0.029806 0.062518
15 0.29845900000000003 0.75467 0.025464 0.06114
15 0.27699399999999996 0.6139870000000001 0.02594 0.057668
15 0.80104 0.5549510000000001 0.026478 0.059962
15 0.6394 0.8285210000000001 0.026734 0.06041
15 0.958481 0.47403100000000004 0.02738 0.058756
15 0.771195 0.124747 0.025644 0.053842
15 0.126494 0.837066 0.025734 0.05593
15 0.5280859999999999 0.860776 0.021442 0.059448
15 0.271424 0.39074400000000004 0.022282 0.047328
