15 0.617699 0.55302 0.025884 0.063024
15 0.226028 0.178715 0.028554 0.06129
15 0.840829 0.329785 0.028046 0.059292
15 0.298432 0.754737 0.025362 0.061162
15 0.40498500000000004 0.827339 0.024468 0.064424
15 0.276744 0.6139720000000001 0.02573 0.05736
15 0.801208 0.55523 0.026572 0.059892
15 0.126393 0.837289 0.025874 0.056894
15 0.771218 0.124532 0.025526 0.053856
15 0.95844 0.473199 0.02711 0.057006
15 0.876782 0.4914 0.02393 0.052918
15 0.4985 0.747568 0.021104 0.047648
15 0.527289 0.8598300000000001 0.02268 0.064874
15 0.271326 0.39094999999999996 0.022092 0.047214
