15 0.617701 0.553022 0.025882 0.063028
15 0.22602599999999998 0.178716 0.028562 0.061298
15 0.840836 0.329723 0.028006 0.05913
15 0.298431 0.754741 0.025362 0.061176
15 0.40497700000000003 0.827376 0.02449 0.064562
15 0.276742 0.613969 0.025724 0.057372
15 0.801186 0.555209 0.026524 0.059756
15 0.126416 0.837252 0.025858 0.056784
15 0.9584600000000001 0.473126 0.027106 0.05712
15 0.771218 0.12453 0.025528 0.053874
15 0.876797 0.49137600000000003 0.0239 0.052838
15 0.49850099999999997 0.747577 0.021114 0.047676
15 0.527281 0.859769 0.022624 0.064998
15 0.271334 0.390955 0.022096 0.047226
