15 0.61777 0.553015 0.025678 0.063342
15 0.226197 0.17874900000000002 0.028664 0.060958
15 0.298485 0.754544 0.025266 0.060222
15 0.840834 0.329491 0.027838 0.059036
15 0.40502200000000005 0.8274400000000001 0.024746 0.064634
15 0.27702099999999996 0.614058 0.025762 0.057272
15 0.80128 0.555253 0.0266 0.060104
15 0.12627 0.837576 0.025946 0.056586
15 0.958567 0.47125100000000003 0.030246 0.053084
15 0.771218 0.12419899999999999 0.025556 0.053224
15 0.8768739999999999 0.49119 0.023998 0.053452
15 0.498448 0.7477069999999999 0.021398 0.048188
15 0.527308 0.859882 0.02247 0.064824
15 0.271486 0.390911 0.02208 0.046958
