15 0.6177699999999999 0.553022 0.025672 0.063328
15 0.226199 0.178743 0.028666 0.061072
15 0.29848600000000003 0.754545 0.025262 0.060218
15 0.840832 0.329501 0.027836 0.059032
15 0.405019 0.8274309999999999 0.024768 0.06466
15 0.27702099999999996 0.614059 0.025758 0.057274
15 0.80128 0.55526 0.026602 0.060092
15 0.12626600000000002 0.8375720000000001 0.025944 0.056588
15 0.958655 0.47333499999999995 0.027206 0.057008
15 0.771217 0.124199 0.025552 0.053198
15 0.876875 0.491198 0.023992 0.053454
15 0.49844700000000003 0.747711 0.021394 0.048164
15 0.527325 0.8599 0.022504 0.064798
15 0.27148300000000003 0.390916 0.022082 0.046952
