15 0.617578 0.552778 0.025781 0.063889
15 0.225781 0.178472 0.028125 0.062500
15 0.298438 0.754167 0.025000 0.061111
15 0.405078 0.827778 0.024219 0.063889
15 0.276953 0.613889 0.025781 0.058333
15 0.801172 0.555556 0.027344 0.061111
15 0.840625 0.327778 0.026562 0.055556
15 0.126172 0.836806 0.025781 0.056944
15 0.958203 0.471528 0.030469 0.054167
15 0.876953 0.490972 0.024219 0.054167
15 0.498437 0.747222 0.021875 0.047222
15 0.271094 0.390278 0.021875 0.047222
15 0.527344 0.859028 0.021875 0.065278
15 0.771094 0.123611 0.034375 0.061111
