15 0.617637 0.552632 0.025614 0.06365
15 0.704962 0.530727 0.029388 0.06264
15 0.225988 0.17847200000000002 0.028404 0.061638
15 0.298505 0.754626 0.025402 0.061048
15 0.405063 0.827297 0.024642 0.065478
15 0.801421 0.554983 0.026494 0.06189
15 0.276978 0.613833 0.025892 0.05764
15 0.9584619999999999 0.473749 0.027332 0.059306
15 0.77124 0.124617 0.02589 0.054488
15 0.126443 0.837341 0.025908 0.056452
15 0.49850700000000003 0.747515 0.021202 0.047676
15 0.527288 0.859616 0.022884 0.064702
15 0.271301 0.390764 0.022146 0.04732
