15 0.617702 0.55302 0.025884 0.063024
15 0.22602 0.17873 0.028574 0.061228
15 0.840827 0.329785 0.028038 0.059286
15 0.29843000000000003 0.754765 0.025364 0.061172
15 0.40497999999999995 0.827384 0.024542 0.064598
15 0.27674499999999996 0.6139749999999999 0.025728 0.057364
15 0.801206 0.555227 0.026578 0.059886
15 0.126407 0.837324 0.02586 0.056862
15 0.958452 0.47321399999999997 0.027148 0.057094
15 0.771216 0.124532 0.025526 0.053858
15 0.876781 0.491384 0.023952 0.052956
15 0.498506 0.747574 0.021112 0.047674
15 0.527296 0.859885 0.022676 0.064878
15 0.271336 0.390958 0.0221 0.047232
