15 0.617908 0.553007 0.025824 0.063636
15 0.225963 0.17851599999999998 0.02841 0.061484
15 0.298409 0.7546499999999999 0.025372 0.060876
15 0.404995 0.827599 0.024406 0.064666
15 0.276829 0.613976 0.025788 0.057262
15 0.840638 0.32956199999999997 0.027182 0.057376
15 0.8011820000000001 0.555278 0.02692 0.060562
15 0.958438 0.471365 0.030422 0.05341
15 0.12629 0.837163 0.02591 0.056382
15 0.876634 0.490836 0.024048 0.05338
15 0.498418 0.747447 0.021204 0.04744
15 0.27131 0.39060100000000003 0.0221 0.047332
15 0.527188 0.858839 0.022056 0.064958
15 0.7696419999999999 0.123089 0.022212 0.054988
