15 0.617745 0.55326 0.025854 0.063466
15 0.226042 0.178759 0.028598 0.061322
15 0.298517 0.7548119999999999 0.025322 0.061138
15 0.840804 0.329712 0.02775 0.058772
15 0.40454100000000004 0.826161 0.025572 0.063868
15 0.27683599999999997 0.6141850000000001 0.02574 0.057368
15 0.801146 0.555827 0.026642 0.060052
15 0.12637 0.837272 0.026028 0.057206
15 0.958426 0.473785 0.027492 0.05784
15 0.876716 0.491427 0.02403 0.053678
15 0.771104 0.124599 0.025512 0.053082
15 0.498419 0.747862 0.021348 0.048478
15 0.271429 0.39098299999999997 0.021986 0.046974
15 0.5271600000000001 0.8593339999999999 0.021964 0.065432
