15 0.617839 0.552963 0.025812 0.063092
15 0.225932 0.178365 0.02835 0.061996
15 0.298334 0.754277 0.025454 0.061304
15 0.404953 0.827471 0.024388 0.064474
15 0.415224 0.16558799999999999 0.026648 0.056446
15 0.276942 0.614031 0.025926 0.05726
15 0.801071 0.554519 0.026602 0.059914
15 0.958367 0.473935 0.027038 0.057956
15 0.126538 0.836908 0.025994 0.056696
15 0.7710750000000001 0.124308 0.025722 0.053918
15 0.498489 0.7474190000000001 0.021028 0.04732
15 0.527257 0.859581 0.022374 0.064956
15 0.27130200000000004 0.390336 0.02207 0.047412
