15 0.19690000000000002 0.42980399999999996 0.026824 0.062522
15 0.2216 0.405979 0.02687 0.058792
15 0.196852 0.377604 0.025392 0.057984
15 0.7573439999999999 0.82397 0.025116 0.060278
15 0.291817 0.47585 0.029218 0.06174
15 0.19648 0.574279 0.02586 0.056378
15 0.194907 0.525701 0.025246 0.055024
15 0.26799399999999995 0.456355 0.031082 0.06254
15 0.244285 0.52486 0.02923 0.066234
15 0.246427 0.428059 0.027782 0.065266
15 0.196014 0.477865 0.027346 0.05055
15 0.243469 0.47984 0.025764 0.056038
15 0.21982400000000002 0.49431 0.02644 0.067332
15 0.267567 0.5002639999999999 0.033002 0.071288
15 0.217885 0.5466570000000001 0.02868 0.060942
15 0.20058800000000002 0.511694 0.02449 0.065176
15 0.22118 0.450501 0.028296 0.048152
15 0.25698699999999997 0.515506 0.032096 0.078452
15 0.231317 0.506409 0.028194 0.073928
15 0.227813 0.465807 0.02686 0.075856
