15 0.6177170000000001 0.553408 0.02591 0.063224
15 0.226177 0.178856 0.02848 0.060702
15 0.24257499999999999 0.7501519999999999 0.031686 0.056814
15 0.405165 0.827405 0.024946 0.065216
15 0.298557 0.754734 0.026078 0.065072
15 0.861942 0.214889 0.027854 0.057324
15 0.801218 0.5554610000000001 0.027112 0.061028
15 0.7713180000000001 0.12445300000000001 0.025908 0.055066
15 0.9585509999999999 0.473678 0.027882 0.058036
15 0.126717 0.8373069999999999 0.025926 0.055524
15 0.8766349999999999 0.491419 0.024298 0.054294
15 0.49834100000000003 0.747508 0.021476 0.048142
15 0.527437 0.860595 0.02357 0.066448
15 0.375626 0.362731 0.02656 0.059388
15 0.271509 0.391081 0.022416 0.04745
