15 0.617943 0.553125 0.025662 0.063428
15 0.226147 0.178906 0.028294 0.060474
15 0.242415 0.750314 0.031864 0.05654
15 0.405046 0.8270949999999999 0.024858 0.065632
15 0.298519 0.7550079999999999 0.026098 0.064836
15 0.861941 0.215344 0.027404 0.057504
15 0.801163 0.5554520000000001 0.026764 0.05994
15 0.12640400000000002 0.83719 0.026358 0.05664
15 0.771148 0.124485 0.025618 0.053972
15 0.9585239999999999 0.47411 0.028034 0.058052
15 0.876691 0.49168199999999995 0.024398 0.054298
15 0.49848 0.747612 0.021388 0.048346
15 0.375632 0.36296900000000004 0.026474 0.059818
15 0.527384 0.860309 0.023086 0.065296
15 0.271297 0.390806 0.021992 0.04662
