15 0.19728600000000002 0.430043 0.026874 0.062162
15 0.221667 0.40602 0.02702 0.058956
15 0.196995 0.377867 0.025602 0.05804
15 0.757104 0.8240029999999999 0.025774 0.061804
15 0.29187199999999996 0.47611400000000004 0.028736 0.061668
15 0.196156 0.5751000000000001 0.025636 0.056634
15 0.195132 0.526427 0.025304 0.056544
15 0.267729 0.458449 0.028892 0.061846
15 0.244554 0.525614 0.02884 0.065238
15 0.24368800000000002 0.48083000000000004 0.026726 0.056556
15 0.246301 0.428425 0.027786 0.065226
15 0.196241 0.478667 0.027588 0.05098
15 0.22024 0.495549 0.026816 0.067088
15 0.26759900000000003 0.5008 0.033074 0.073372
15 0.217845 0.547169 0.028056 0.060686
15 0.221746 0.45228999999999997 0.028728 0.048542
15 0.28224200000000005 0.483156 0.029966 0.068862
15 0.200924 0.513142 0.025452 0.0678
15 0.257307 0.515556 0.031882 0.078466
15 0.228353 0.505985 0.028742 0.073592
15 0.226916 0.46700800000000003 0.029104 0.065296
