15 0.617746 0.55326 0.025854 0.063472
15 0.22606500000000002 0.178729 0.028608 0.06117
15 0.298543 0.754798 0.02534 0.06123
15 0.840817 0.329676 0.027722 0.058752
15 0.404538 0.826144 0.025578 0.063832
15 0.276834 0.61419 0.02573 0.057352
15 0.8011490000000001 0.555843 0.026644 0.06006
15 0.126354 0.8373039999999999 0.026046 0.057238
15 0.9584100000000001 0.473761 0.027454 0.057742
15 0.876725 0.491439 0.02399 0.053606
15 0.771118 0.124636 0.025488 0.053098
15 0.498423 0.747868 0.021354 0.048492
15 0.271426 0.391001 0.021974 0.046952
15 0.5271629999999999 0.859315 0.021944 0.065412
