15 0.197101 0.43006999999999995 0.026716 0.062016
15 0.22155899999999998 0.405788 0.026792 0.057666
15 0.196842 0.377389 0.02542 0.058542
15 0.7569899999999999 0.823643 0.025628 0.06141
15 0.29182400000000003 0.476281 0.02895 0.060648
15 0.196265 0.57448 0.025632 0.056412
15 0.26789599999999997 0.457608 0.02862 0.061202
15 0.19492800000000002 0.525663 0.025222 0.05576
15 0.244449 0.524917 0.028988 0.065884
15 0.245353 0.428201 0.026362 0.064542
15 0.243645 0.47994 0.026124 0.056218
15 0.19608 0.478018 0.02749 0.050706
15 0.22028 0.495139 0.026668 0.067068
15 0.267585 0.500369 0.03284 0.07266
15 0.21781499999999998 0.546658 0.028402 0.0609
15 0.221558 0.45107899999999995 0.02864 0.047796
15 0.200602 0.512891 0.025148 0.066618
15 0.282769 0.483098 0.030004 0.068552
15 0.257168 0.515304 0.031882 0.078334
15 0.229559 0.506208 0.02855 0.074618
15 0.227873 0.465333 0.026676 0.075588
