15 0.617811 0.55327 0.026094 0.063674
15 0.22713699999999998 0.18184299999999998 0.027954 0.062854
15 0.115082 0.747062 0.028534 0.055214
15 0.298717 0.75431 0.02537 0.062
15 0.404899 0.8258179999999999 0.024968 0.062314
15 0.8619150000000001 0.215554 0.027624 0.058262
15 0.8013629999999999 0.5557949999999999 0.026816 0.060088
15 0.187288 0.401489 0.025606 0.052994
15 0.771038 0.124198 0.025646 0.053556
15 0.958785 0.47195699999999996 0.030604 0.053132
15 0.876659 0.491474 0.024216 0.053702
15 0.498655 0.7475630000000001 0.021474 0.048086
15 0.375832 0.36345 0.026546 0.059792
15 0.08708099999999999 0.83632 0.026388 0.052212
15 0.527245 0.860115 0.022128 0.065386
15 0.271788 0.390396 0.021648 0.047142
