15 0.197286 0.430046 0.026866 0.062148
15 0.221668 0.406024 0.027016 0.058936
15 0.196996 0.377867 0.0256 0.058024
15 0.757134 0.824014 0.025828 0.061844
15 0.29188000000000003 0.476123 0.028718 0.061636
15 0.196156 0.575101 0.025634 0.056616
15 0.19513 0.5264139999999999 0.025298 0.056508
15 0.267727 0.45843100000000003 0.028878 0.061818
15 0.244548 0.52563 0.028806 0.065308
15 0.24368800000000002 0.480827 0.026714 0.056538
15 0.2463 0.42843 0.027788 0.06521
15 0.196245 0.47866600000000004 0.027582 0.050954
15 0.220247 0.495549 0.026814 0.067088
15 0.267596 0.500799 0.033064 0.073314
15 0.21784699999999999 0.5471750000000001 0.028068 0.060658
15 0.22174700000000003 0.452275 0.028726 0.048512
15 0.282241 0.483159 0.029914 0.068962
15 0.20092 0.513126 0.02547 0.067778
15 0.257276 0.515625 0.031892 0.078476
15 0.22842 0.506028 0.028758 0.073674
15 0.226916 0.46700200000000003 0.029104 0.06528
