15 0.6177480000000001 0.553211 0.026064 0.06337
15 0.225866 0.178359 0.02827 0.06211
15 0.40397500000000003 0.826106 0.029838 0.062538
15 0.298464 0.7546700000000001 0.025468 0.061166
15 0.276997 0.613982 0.025936 0.057668
15 0.801036 0.554943 0.026472 0.05991
15 0.639407 0.828308 0.026662 0.060402
15 0.958426 0.473998 0.027306 0.058534
15 0.771195 0.124745 0.025642 0.05384
15 0.12649 0.8370879999999999 0.02574 0.055958
15 0.528116 0.860825 0.021498 0.05965
15 0.27142700000000003 0.39074899999999996 0.02229 0.047356
