15 0.292468 0.7477440000000001 0.028468 0.056518
15 0.72868 0.731704 0.029738 0.060972
15 0.5703900000000001 0.575271 0.025392 0.060554
15 0.878194 0.21196199999999998 0.02885 0.059476
15 0.08027200000000001 0.830974 0.026322 0.058792
15 0.13482 0.7599060000000001 0.026932 0.059004
15 0.782832 0.415775 0.029086 0.062714
15 0.7568090000000001 0.12345500000000001 0.025352 0.055736
15 0.226442 0.127951 0.02474 0.057458
15 0.188961 0.405289 0.026132 0.056202
15 0.577383 0.27283399999999997 0.023674 0.057346
15 0.365053 0.37435999999999997 0.022296 0.053214
15 0.27125900000000003 0.392743 0.022468 0.050974
15 0.42294000000000004 0.7889780000000001 0.022792 0.059684
15 0.779188 0.458239 0.028688 0.07801
15 0.402594 0.833295 0.020888 0.053484
