15 0.617805 0.55318 0.025986 0.063534
15 0.226134 0.179268 0.028546 0.060692
15 0.298556 0.754926 0.026044 0.064344
15 0.40473200000000004 0.825945 0.025908 0.064894
15 0.243088 0.750556 0.026214 0.057478
15 0.86155 0.215938 0.0278 0.058948
15 0.8012919999999999 0.55594 0.02703 0.06096
15 0.771102 0.125299 0.026036 0.055804
15 0.126202 0.837921 0.02586 0.056778
15 0.958645 0.47171799999999997 0.030668 0.0535
15 0.49835599999999997 0.748144 0.021674 0.04898
15 0.8766889999999999 0.491784 0.024096 0.053138
15 0.375535 0.363162 0.026458 0.059582
15 0.27131299999999997 0.391253 0.02269 0.048362
15 0.527186 0.859943 0.022694 0.06547
