15 0.617746 0.553262 0.025854 0.063466
15 0.22602 0.17872500000000002 0.02856 0.06141
15 0.29854600000000003 0.754774 0.025356 0.061254
15 0.8407939999999999 0.329752 0.02778 0.058792
15 0.404533 0.826179 0.025558 0.063802
15 0.27684000000000003 0.614182 0.025742 0.05737
15 0.801155 0.555869 0.026648 0.060136
15 0.126352 0.837268 0.026038 0.057224
15 0.958419 0.47376100000000004 0.027468 0.057818
15 0.876678 0.491442 0.024074 0.053904
15 0.771084 0.124571 0.025472 0.05296
15 0.498425 0.747837 0.021352 0.048514
15 0.271424 0.39100399999999996 0.022004 0.04702
15 0.527161 0.859329 0.021974 0.065446
