15 0.617831 0.5531830000000001 0.02594 0.063244
15 0.226002 0.178366 0.028434 0.061722
15 0.298392 0.7543869999999999 0.025412 0.061092
15 0.404929 0.82757 0.024478 0.064484
15 0.276986 0.614075 0.025886 0.057242
15 0.415257 0.166269 0.02593 0.054548
15 0.801196 0.554727 0.026754 0.060454
15 0.958435 0.47398900000000005 0.02701 0.057992
15 0.126478 0.837149 0.02598 0.056812
15 0.771149 0.124416 0.025698 0.054302
15 0.498352 0.7477010000000001 0.021208 0.04763
15 0.27131500000000003 0.390621 0.021988 0.047104
15 0.5271800000000001 0.859368 0.021918 0.065412
