15 0.617736 0.552893 0.025696 0.063054
15 0.22618000000000002 0.178616 0.028322 0.061046
15 0.24253799999999998 0.749789 0.03145 0.056612
15 0.40518299999999996 0.8272729999999999 0.02431 0.064806
15 0.29840700000000003 0.754685 0.026024 0.064958
15 0.861974 0.214752 0.0279 0.057348
15 0.8012 0.555249 0.026882 0.060356
15 0.9584820000000001 0.473694 0.027856 0.05803
15 0.771233 0.123815 0.025674 0.053922
15 0.12674 0.836865 0.025862 0.055536
15 0.876655 0.491341 0.024382 0.054532
15 0.498478 0.747175 0.02143 0.048138
15 0.52741 0.860236 0.023412 0.065996
15 0.271522 0.390902 0.02255 0.047528
15 0.37561100000000003 0.362841 0.026598 0.059226
