15 0.61777 0.553029 0.025674 0.063324
15 0.226173 0.178712 0.028654 0.061172
15 0.298523 0.754521 0.025292 0.06033
15 0.840837 0.329457 0.02775 0.058872
15 0.40500800000000003 0.8274279999999999 0.02475 0.064706
15 0.277016 0.614046 0.025752 0.057246
15 0.801277 0.5552830000000001 0.026594 0.060116
15 0.12623800000000002 0.8375819999999999 0.025978 0.056576
15 0.958597 0.473375 0.027226 0.057106
15 0.771216 0.124219 0.025542 0.053226
15 0.876872 0.49123399999999995 0.023976 0.053456
15 0.498454 0.747711 0.021396 0.0482
15 0.527353 0.859982 0.022624 0.064836
15 0.271486 0.390909 0.022078 0.046948
