15 0.617749 0.552874 0.02569 0.063096
15 0.226168 0.178603 0.028316 0.061058
15 0.242528 0.749763 0.031482 0.056466
15 0.40519900000000003 0.827251 0.02439 0.064878
15 0.298423 0.754651 0.025978 0.064884
15 0.8619749999999999 0.214752 0.027904 0.057362
15 0.801171 0.555273 0.0269 0.060282
15 0.958481 0.473696 0.027862 0.058026
15 0.7712530000000001 0.123787 0.02564 0.053834
15 0.126771 0.836882 0.02583 0.055426
15 0.876651 0.491329 0.024392 0.054546
15 0.49848 0.7471669999999999 0.02142 0.048134
15 0.527425 0.860246 0.02345 0.06602
15 0.37555099999999997 0.362881 0.026578 0.059216
15 0.271526 0.390907 0.02255 0.04754
