15 0.617753 0.5532900000000001 0.026036 0.063922
15 0.22621400000000003 0.179032 0.028668 0.061172
15 0.8617509999999999 0.215507 0.02758 0.058242
15 0.404657 0.826139 0.02901 0.06259
15 0.801144 0.555994 0.02684 0.0605
15 0.27657699999999996 0.614461 0.025172 0.05498
15 0.351836 0.7355309999999999 0.029496 0.061194
15 0.771143 0.12501600000000002 0.025612 0.054092
15 0.958452 0.47172 0.027926 0.056522
15 0.876615 0.491804 0.024294 0.053768
15 0.29924599999999996 0.75295 0.02238 0.051624
15 0.498519 0.747679 0.020888 0.04685
15 0.27151200000000003 0.39097899999999997 0.022158 0.047244
15 0.527197 0.8598730000000001 0.021922 0.063616
