15 0.617699 0.553026 0.025882 0.06302
15 0.226022 0.178727 0.028586 0.061256
15 0.8408289999999999 0.329756 0.02806 0.059356
15 0.298435 0.754723 0.02536 0.061158
15 0.404983 0.8273969999999999 0.024512 0.06455
15 0.276744 0.613972 0.025732 0.057372
15 0.80119 0.555195 0.026556 0.059782
15 0.126383 0.8372599999999999 0.025874 0.056952
15 0.95842 0.473167 0.027104 0.056962
15 0.771265 0.124554 0.025568 0.05377
15 0.876783 0.491398 0.023944 0.052968
15 0.498505 0.747568 0.021118 0.047652
15 0.527257 0.859726 0.022594 0.065014
15 0.271337 0.39095799999999997 0.022122 0.047264
