15 0.617725 0.553246 0.026 0.063512
15 0.225867 0.17865 0.028366 0.06193
15 0.29835199999999995 0.754321 0.025422 0.060792
15 0.404046 0.8262999999999999 0.029366 0.061694
15 0.276968 0.6140140000000001 0.025846 0.05736
15 0.638424 0.826819 0.024448 0.056236
15 0.801116 0.555189 0.02648 0.059582
15 0.958477 0.47394699999999995 0.027338 0.058788
15 0.771158 0.124775 0.02546 0.054026
15 0.126444 0.837253 0.025906 0.056
15 0.527281 0.8597509999999999 0.023376 0.064914
15 0.271275 0.390539 0.022212 0.04757
