15 0.6178509999999999 0.552905 0.025758 0.063652
15 0.22613 0.179262 0.028562 0.060618
15 0.298564 0.754863 0.026042 0.064288
15 0.40504 0.827007 0.02515 0.06538
15 0.24315399999999998 0.750449 0.026296 0.057452
15 0.8616280000000001 0.215529 0.027748 0.05818
15 0.80126 0.5557639999999999 0.026948 0.060582
15 0.7711239999999999 0.125149 0.026104 0.055736
15 0.958589 0.47180099999999997 0.03069 0.05358
15 0.8766670000000001 0.491745 0.024056 0.053052
15 0.126901 0.836851 0.03094 0.058562
15 0.498406 0.747764 0.021648 0.048894
15 0.37553299999999995 0.363228 0.026646 0.059604
15 0.271296 0.391297 0.022562 0.047992
15 0.527291 0.860004 0.022772 0.06546
