15 0.617835 0.553045 0.02579 0.06342
15 0.225884 0.17865 0.028356 0.061732
15 0.298447 0.754429 0.025336 0.061062
15 0.415189 0.165706 0.02648 0.056174
15 0.40482 0.827709 0.023984 0.064076
15 0.276848 0.613931 0.025616 0.056776
15 0.801203 0.555296 0.026772 0.060756
15 0.958576 0.474182 0.027188 0.05829
15 0.126301 0.8370609999999999 0.025806 0.055648
15 0.770991 0.124458 0.025958 0.053058
15 0.498327 0.7475470000000001 0.021084 0.04766
15 0.27144700000000005 0.390841 0.022302 0.048028
15 0.527172 0.859467 0.022254 0.065212
