15 0.617752 0.5532670000000001 0.025838 0.063468
15 0.22614299999999998 0.178788 0.028566 0.060992
15 0.298535 0.7548250000000001 0.025322 0.061198
15 0.8408530000000001 0.32957000000000003 0.02781 0.058902
15 0.40453700000000004 0.826175 0.025614 0.06402
15 0.276805 0.614214 0.025696 0.057194
15 0.80116 0.5558059999999999 0.026726 0.060088
15 0.126464 0.837341 0.026106 0.057524
15 0.958497 0.473686 0.02759 0.058184
15 0.771115 0.124608 0.025702 0.053358
15 0.8767320000000001 0.49130799999999997 0.024102 0.053828
15 0.49842 0.747856 0.021376 0.048586
15 0.271436 0.39096 0.021916 0.046904
15 0.5271790000000001 0.859521 0.022026 0.065556
