15 0.617747 0.553216 0.02596 0.062856
15 0.225911 0.17838199999999999 0.02831 0.062094
15 0.298346 0.7545000000000001 0.025594 0.061288
15 0.404102 0.825976 0.029636 0.063082
15 0.277049 0.6139009999999999 0.025928 0.057648
15 0.638299 0.82557 0.027898 0.057502
15 0.801033 0.554555 0.026334 0.059544
15 0.958399 0.473782 0.026964 0.05768
15 0.12641 0.836934 0.026004 0.056832
15 0.771111 0.12457299999999999 0.025762 0.053824
15 0.527364 0.85952 0.02353 0.065286
15 0.271204 0.390532 0.022282 0.047344
