15 0.617684 0.5535690000000001 0.026136 0.06346
15 0.226007 0.178496 0.028434 0.062096
15 0.298478 0.754849 0.025382 0.061238
15 0.40413 0.826643 0.029786 0.061656
15 0.277026 0.613811 0.025936 0.057482
15 0.8010999999999999 0.555355 0.02687 0.06078
15 0.771047 0.124736 0.02614 0.056192
15 0.958577 0.473899 0.027254 0.058968
15 0.12636999999999998 0.837076 0.025754 0.056278
15 0.6135889999999999 0.8551799999999999 0.023626 0.057232
15 0.27142099999999997 0.39118600000000003 0.022496 0.047436
15 0.528752 0.861285 0.024814 0.06629
