15 0.617725 0.5532400000000001 0.025996 0.063544
15 0.22592900000000002 0.178671 0.028386 0.061928
15 0.29834700000000003 0.754347 0.025422 0.060812
15 0.40405100000000005 0.8262510000000001 0.02936 0.061792
15 0.276971 0.6140680000000001 0.02583 0.057376
15 0.638393 0.826917 0.024362 0.056002
15 0.801164 0.555212 0.026504 0.059714
15 0.958404 0.473939 0.027258 0.058492
15 0.771158 0.12478800000000001 0.025456 0.054016
15 0.126449 0.837245 0.025886 0.055844
15 0.527288 0.859693 0.023334 0.064832
15 0.27127399999999996 0.390552 0.022214 0.047574
