15 0.617699 0.553022 0.02588 0.06302
15 0.22602799999999998 0.17872 0.028564 0.061306
15 0.840833 0.32972300000000004 0.028024 0.059158
15 0.298429 0.754753 0.025358 0.061146
15 0.404984 0.8273699999999999 0.02449 0.06455
15 0.276742 0.613969 0.025726 0.057366
15 0.801189 0.555215 0.026516 0.059734
15 0.12640200000000001 0.837279 0.02586 0.056856
15 0.771217 0.124528 0.025516 0.053846
15 0.958437 0.473035 0.027034 0.056932
15 0.8767969999999999 0.49137200000000003 0.023872 0.052768
15 0.498503 0.747571 0.021114 0.047672
15 0.5272819999999999 0.8597589999999999 0.022606 0.065
15 0.271333 0.390955 0.022094 0.047226
