15 0.6177509999999999 0.553272 0.025844 0.063462
15 0.226139 0.17879799999999998 0.028554 0.06099
15 0.298532 0.7548210000000001 0.02532 0.061182
15 0.8408559999999999 0.329478 0.027804 0.058998
15 0.404534 0.8261700000000001 0.025614 0.064032
15 0.27680699999999997 0.614209 0.02569 0.057172
15 0.801168 0.555848 0.026658 0.059986
15 0.126473 0.8373360000000001 0.026102 0.05753
15 0.958495 0.47368 0.027574 0.058112
15 0.771106 0.124597 0.025636 0.05325
15 0.8767269999999999 0.49133400000000005 0.02409 0.053788
15 0.498434 0.747868 0.02134 0.048552
15 0.271439 0.390973 0.021924 0.0469
15 0.527184 0.85952 0.022024 0.065572
