15 0.617825 0.553267 0.026112 0.063772
15 0.227145 0.181806 0.028 0.063042
15 0.11507300000000001 0.74708 0.0284 0.055194
15 0.29869 0.754255 0.02529 0.06195
15 0.40522899999999995 0.8273830000000001 0.023758 0.062434
15 0.861913 0.215586 0.027708 0.05824
15 0.80125 0.5558620000000001 0.026856 0.060116
15 0.18727200000000002 0.40152499999999997 0.025612 0.052912
15 0.77096 0.124255 0.025604 0.053698
15 0.958763 0.472022 0.030624 0.05299
15 0.876706 0.491508 0.024106 0.053454
15 0.498689 0.747521 0.021408 0.047988
15 0.37587 0.36354600000000004 0.026716 0.059798
15 0.087054 0.8362620000000001 0.026396 0.052348
15 0.527246 0.860271 0.022172 0.065366
15 0.27179200000000003 0.39039 0.021688 0.047214
