15 0.617832 0.5530430000000001 0.025798 0.063412
15 0.22592 0.178477 0.028304 0.061798
15 0.298404 0.7542859999999999 0.025254 0.06062
15 0.415188 0.165654 0.026452 0.056266
15 0.276852 0.6138859999999999 0.025718 0.056906
15 0.404849 0.827692 0.023898 0.063802
15 0.801178 0.555284 0.026724 0.060616
15 0.958643 0.474324 0.027206 0.058246
15 0.126309 0.836873 0.02596 0.056054
15 0.771067 0.12455 0.026004 0.0533
15 0.498334 0.747431 0.021034 0.047632
15 0.271501 0.390811 0.022338 0.04807
15 0.52719 0.8595969999999999 0.022334 0.065154
