15 0.6178939999999999 0.553045 0.025806 0.063528
15 0.225966 0.17851499999999998 0.0284 0.061482
15 0.298399 0.7546130000000001 0.025364 0.060774
15 0.404997 0.8275969999999999 0.024396 0.064582
15 0.276831 0.613964 0.025798 0.057278
15 0.801188 0.555268 0.026808 0.060308
15 0.8407290000000001 0.328415 0.026472 0.05539
15 0.126281 0.837147 0.025906 0.056292
15 0.958369 0.471372 0.030404 0.053242
15 0.876688 0.490987 0.024036 0.053462
15 0.498421 0.74744 0.021194 0.047416
15 0.271308 0.390606 0.022112 0.047328
15 0.527186 0.858828 0.022048 0.06487
