15 0.617831 0.55325 0.02608 0.063832
15 0.227217 0.181838 0.028024 0.062844
15 0.11507600000000001 0.747183 0.028402 0.055312
15 0.29870599999999997 0.7541859999999999 0.025242 0.061632
15 0.4052 0.827408 0.02384 0.06243
15 0.8618020000000001 0.215919 0.027732 0.05887
15 0.801307 0.555882 0.027056 0.060842
15 0.187227 0.401665 0.025532 0.052626
15 0.771001 0.124219 0.025552 0.053456
15 0.9588190000000001 0.474201 0.027624 0.057398
15 0.8765310000000001 0.491675 0.024202 0.05346
15 0.498672 0.747565 0.021454 0.047992
15 0.375809 0.363469 0.02666 0.05982
15 0.086959 0.836271 0.02633 0.052108
15 0.5272140000000001 0.860215 0.022156 0.065056
15 0.271764 0.390488 0.021698 0.047022
