15 0.196896 0.429769 0.02686 0.062596
15 0.221602 0.405981 0.026864 0.058766
15 0.19680699999999998 0.377521 0.025398 0.058022
15 0.7573369999999999 0.823852 0.025146 0.060562
15 0.291815 0.475863 0.029228 0.061724
15 0.196473 0.574314 0.025804 0.056396
15 0.268003 0.456353 0.03106 0.06248
15 0.194893 0.525729 0.025268 0.055084
15 0.24433200000000002 0.524921 0.029274 0.066162
15 0.246431 0.42808799999999997 0.027762 0.065228
15 0.24346600000000002 0.479749 0.025784 0.055878
15 0.196024 0.47783899999999996 0.027366 0.050534
15 0.267598 0.500468 0.032956 0.07178
15 0.219853 0.494823 0.026376 0.066508
15 0.21794 0.5467960000000001 0.028658 0.06092
15 0.221267 0.45062399999999997 0.028348 0.048144
15 0.200489 0.5124420000000001 0.02552 0.065862
15 0.257122 0.515634 0.032186 0.078792
15 0.231179 0.506144 0.028124 0.073568
15 0.227848 0.465533 0.02671 0.075008
