15 0.617578 0.552778 0.025781 0.063889
15 0.226953 0.181944 0.027344 0.063889
15 0.861719 0.215278 0.028125 0.058333
15 0.801172 0.555556 0.027344 0.061111
15 0.276562 0.614583 0.025000 0.054167
15 0.405078 0.825694 0.028906 0.062500
15 0.771484 0.125694 0.025781 0.054167
15 0.958594 0.472222 0.031250 0.052778
15 0.876953 0.491667 0.024219 0.052778
15 0.351562 0.738194 0.026562 0.059722
15 0.498437 0.747917 0.020313 0.045833
15 0.271484 0.390972 0.022656 0.048611
15 0.527344 0.859722 0.021875 0.063889
15 0.298438 0.751389 0.020313 0.047222
15 0.123047 0.825694 0.025781 0.026389
