15 0.617713 0.553393 0.025942 0.063386
15 0.226195 0.179118 0.028498 0.060712
15 0.298533 0.7544219999999999 0.026446 0.064738
15 0.243176 0.749824 0.026906 0.0575
15 0.404218 0.826113 0.029416 0.062362
15 0.8618480000000001 0.215461 0.027938 0.058136
15 0.80109 0.555888 0.027208 0.061282
15 0.771134 0.12457399999999999 0.026124 0.055712
15 0.12645800000000001 0.8371580000000001 0.025752 0.055274
15 0.958515 0.47379 0.027858 0.058292
15 0.876475 0.49157 0.024364 0.054388
15 0.498317 0.747698 0.021578 0.048384
15 0.375577 0.362778 0.026592 0.05946
15 0.527419 0.860611 0.023164 0.065818
15 0.271448 0.391143 0.02229 0.047446
