15 0.617711 0.553398 0.025948 0.063372
15 0.226196 0.179123 0.028496 0.060722
15 0.298551 0.754453 0.026458 0.064904
15 0.40506800000000004 0.8273060000000001 0.02514 0.06489
15 0.243166 0.7498560000000001 0.0269 0.057552
15 0.861816 0.215589 0.027916 0.057984
15 0.8010889999999999 0.555883 0.027234 0.06137
15 0.77126 0.1245 0.025942 0.055504
15 0.958507 0.473866 0.027854 0.05817
15 0.126446 0.837206 0.025568 0.054932
15 0.876485 0.491611 0.024338 0.054386
15 0.498318 0.747716 0.021554 0.04834
15 0.527428 0.8606379999999999 0.023204 0.065894
15 0.375576 0.362761 0.026552 0.059376
15 0.271459 0.391123 0.022292 0.047436
