15 0.617665 0.55469 0.026734 0.064156
15 0.115157 0.7476820000000001 0.02902 0.05604
15 0.298638 0.755035 0.025692 0.06132
15 0.405541 0.828041 0.025018 0.063936
15 0.8612890000000001 0.217343 0.02757 0.060776
15 0.801417 0.557488 0.02749 0.063324
15 0.22722799999999999 0.182623 0.028418 0.06435
15 0.770807 0.126203 0.025918 0.055688
15 0.18728999999999998 0.402142 0.025626 0.053374
15 0.9587910000000001 0.472871 0.030172 0.05259
15 0.49848200000000004 0.748987 0.021588 0.049254
15 0.87652 0.49351 0.024378 0.053466
15 0.086529 0.8370449999999999 0.027408 0.053038
15 0.527185 0.862621 0.021088 0.058292
15 0.37544299999999997 0.364149 0.026446 0.059256
15 0.271837 0.392283 0.021894 0.048702
