15 0.6177309999999999 0.553209 0.025974 0.063432
15 0.22592399999999999 0.17864000000000002 0.028394 0.061916
15 0.29836599999999996 0.754313 0.025426 0.060826
15 0.40406400000000003 0.826316 0.029352 0.061674
15 0.276969 0.613997 0.025838 0.057248
15 0.638432 0.8268 0.024398 0.056172
15 0.801216 0.555257 0.026558 0.059956
15 0.958505 0.473968 0.0273 0.058572
15 0.126473 0.837097 0.025952 0.056304
15 0.77117 0.124751 0.025526 0.054064
15 0.52728 0.859749 0.023296 0.06495
15 0.27127199999999996 0.390524 0.022168 0.047516
