15 0.617777 0.553149 0.02583 0.063754
15 0.22614399999999998 0.179057 0.02851 0.061038
15 0.40464500000000003 0.827472 0.024008 0.062546
15 0.27651400000000004 0.614263 0.025058 0.055326
15 0.861881 0.215411 0.027558 0.057652
15 0.801159 0.55581 0.027124 0.061058
15 0.35172899999999996 0.7357049999999999 0.029372 0.06056
15 0.9585610000000001 0.471844 0.030744 0.0537
15 0.771006 0.124781 0.02575 0.05415
15 0.876562 0.49156999999999995 0.02443 0.054626
15 0.299062 0.754132 0.023106 0.05465
15 0.498496 0.747534 0.021362 0.048078
15 0.271344 0.391175 0.022412 0.047524
15 0.527292 0.8597859999999999 0.022154 0.063826
