15 0.617945 0.5531200000000001 0.025658 0.063422
15 0.226183 0.178848 0.028322 0.06031
15 0.242426 0.7502279999999999 0.031804 0.056458
15 0.405055 0.827052 0.024834 0.065606
15 0.298517 0.7550250000000001 0.026102 0.06485
15 0.861933 0.215337 0.027432 0.057576
15 0.8011510000000001 0.5554399999999999 0.026766 0.059896
15 0.12643500000000002 0.837231 0.026366 0.056768
15 0.771118 0.12451300000000001 0.025638 0.054162
15 0.958546 0.474161 0.027938 0.057902
15 0.876786 0.491609 0.024338 0.053964
15 0.498529 0.7475700000000001 0.021328 0.048186
15 0.375691 0.36291500000000004 0.026546 0.059934
15 0.527385 0.860316 0.023074 0.06527
15 0.27132300000000004 0.390841 0.021958 0.046484
