15 0.617768 0.553028 0.025676 0.063324
15 0.226187 0.178731 0.02869 0.061242
15 0.298535 0.75452 0.025308 0.060298
15 0.840824 0.329477 0.02779 0.058952
15 0.405019 0.82744 0.024784 0.064674
15 0.27701499999999996 0.614035 0.025758 0.057244
15 0.801276 0.555276 0.026602 0.060152
15 0.126224 0.8375830000000001 0.02603 0.056742
15 0.9585760000000001 0.47335900000000003 0.027246 0.057238
15 0.7712289999999999 0.12423200000000001 0.02554 0.05321
15 0.8768750000000001 0.491227 0.024002 0.053498
15 0.498454 0.747706 0.021396 0.048214
15 0.5273519999999999 0.860012 0.02266 0.064858
15 0.27148799999999995 0.390908 0.022094 0.046982
