15 0.617748 0.5530379999999999 0.025698 0.062814
15 0.22602399999999997 0.178047 0.028394 0.062498
15 0.40421100000000004 0.825981 0.029518 0.062354
15 0.298364 0.7545240000000001 0.0253 0.060866
15 0.277026 0.613503 0.0259 0.057576
15 0.45209499999999997 0.397814 0.025736 0.060316
15 0.80113 0.554721 0.026724 0.060542
15 0.771083 0.124634 0.026174 0.05608
15 0.9586260000000001 0.473812 0.027268 0.059168
15 0.126441 0.83685 0.02588 0.05636
15 0.498362 0.7472970000000001 0.021244 0.047786
15 0.52734 0.859066 0.022698 0.065454
15 0.271325 0.390919 0.022164 0.047292
