15 0.617708 0.553004 0.025816 0.062826
15 0.226029 0.17872 0.028576 0.061338
15 0.298431 0.754729 0.02536 0.06115
15 0.840781 0.329313 0.028018 0.059072
15 0.40497099999999997 0.8273710000000001 0.024438 0.064494
15 0.27673099999999995 0.613972 0.025704 0.057304
15 0.801156 0.555265 0.026646 0.059752
15 0.771312 0.12459300000000001 0.02561 0.05388
15 0.126425 0.8372470000000001 0.025854 0.056826
15 0.958354 0.47305400000000003 0.02726 0.05661
15 0.876727 0.491152 0.023886 0.052512
15 0.498446 0.747549 0.021084 0.047468
15 0.5272789999999999 0.85969 0.022592 0.06503
15 0.271337 0.390925 0.022136 0.047262
