15 0.617811 0.5527730000000001 0.025686 0.063328
15 0.225996 0.178175 0.02827 0.062794
15 0.505255 0.705668 0.029082 0.056128
15 0.405187 0.827514 0.024892 0.065466
15 0.298365 0.75447 0.025416 0.061068
15 0.277032 0.613586 0.025968 0.057774
15 0.8010959999999999 0.554757 0.0267 0.060368
15 0.958651 0.473823 0.027292 0.059278
15 0.771068 0.124561 0.02599 0.055734
15 0.126447 0.836856 0.025766 0.055692
15 0.499419 0.792816 0.022822 0.053026
15 0.271372 0.39095399999999997 0.022226 0.047214
15 0.527076 0.86213 0.018542 0.054034
