15 0.617772 0.552997 0.025722 0.062906
15 0.225987 0.178471 0.02839 0.061602
15 0.629583 0.394815 0.027496 0.059566
15 0.298496 0.754616 0.02543 0.061094
15 0.405065 0.827328 0.024586 0.065246
15 0.27698599999999995 0.6138539999999999 0.025932 0.057786
15 0.801245 0.555491 0.026676 0.0605
15 0.9585629999999999 0.47409399999999996 0.027256 0.058418
15 0.771224 0.124723 0.025612 0.054588
15 0.126436 0.837335 0.025908 0.056308
15 0.49844 0.747584 0.021012 0.046842
15 0.527218 0.859386 0.022398 0.064338
15 0.27129800000000004 0.390791 0.02214 0.047314
