15 0.6177010000000001 0.553032 0.025876 0.06301
15 0.226096 0.17865799999999998 0.028616 0.061102
15 0.8408490000000001 0.32977500000000004 0.028024 0.059386
15 0.298448 0.754753 0.02533 0.061018
15 0.40496699999999997 0.827448 0.024454 0.064482
15 0.276767 0.614044 0.025724 0.057322
15 0.801176 0.555179 0.026534 0.05964
15 0.126408 0.837262 0.02585 0.0568
15 0.7712559999999999 0.12458 0.02558 0.053846
15 0.958479 0.473248 0.027094 0.056876
15 0.876788 0.491409 0.02394 0.052962
15 0.498498 0.747565 0.021082 0.047554
15 0.5273 0.859795 0.022628 0.064832
15 0.271329 0.390951 0.022104 0.047192
