15 0.22486799999999998 0.161039 0.02707 0.060812
15 0.510059 0.5568420000000001 0.02456 0.055784
15 0.565071 0.78672 0.025324 0.056838
15 0.9230400000000001 0.27415 0.02808 0.064044
15 0.340066 0.394812 0.024964 0.056366
15 0.424464 0.52411 0.024832 0.054376
15 0.14617999999999998 0.5867610000000001 0.025784 0.056866
15 0.271906 0.394783 0.024876 0.054226
15 0.386903 0.852962 0.02547 0.059522
15 0.627539 0.21157900000000002 0.024184 0.053966
15 0.208217 0.414582 0.02648 0.05541
15 0.937944 0.433789 0.028616 0.051184
15 0.648864 0.458666 0.022712 0.054624
15 0.276407 0.717978 0.023796 0.057988
15 0.364016 0.812992 0.02251 0.05624
15 0.08643500000000001 0.784902 0.024988 0.049864
