15 0.617816 0.5529719999999999 0.025766 0.06259
15 0.225972 0.178504 0.028388 0.061822
15 0.29850699999999997 0.7547189999999999 0.02533 0.0611
15 0.41521 0.165681 0.026748 0.056442
15 0.405043 0.827348 0.02452 0.064986
15 0.27689 0.6139720000000001 0.025842 0.057754
15 0.801191 0.554849 0.026646 0.060532
15 0.958574 0.473977 0.027192 0.058452
15 0.126439 0.837039 0.02597 0.056576
15 0.771217 0.12453 0.02556 0.054214
15 0.498493 0.7474 0.021138 0.047736
15 0.527277 0.859396 0.022386 0.06518
15 0.271402 0.390604 0.021944 0.047072
