15 0.221696 0.40577 0.026708 0.057906
15 0.19691099999999997 0.430219 0.026952 0.062118
15 0.196803 0.37786200000000003 0.025414 0.058494
15 0.757243 0.8242590000000001 0.025324 0.06109
15 0.291852 0.47601699999999997 0.029042 0.061132
15 0.196417 0.574636 0.025984 0.056718
15 0.267745 0.456588 0.030922 0.062186
15 0.194804 0.525734 0.02546 0.055452
15 0.244181 0.524497 0.029576 0.066998
15 0.244974 0.42805699999999997 0.02588 0.063924
15 0.24332800000000002 0.479496 0.02555 0.056236
15 0.21984700000000001 0.495672 0.02627 0.066492
15 0.195936 0.478307 0.027258 0.05069
15 0.26767 0.5008589999999999 0.032926 0.072434
15 0.22118700000000002 0.450685 0.028278 0.047724
15 0.217583 0.54623 0.02888 0.061692
15 0.200547 0.512323 0.025612 0.066158
15 0.257279 0.5156769999999999 0.03237 0.079458
15 0.230633 0.506424 0.029098 0.074258
15 0.22739 0.463659 0.03041 0.068788
