15 0.61788 0.5531900000000001 0.02586 0.0637
15 0.226266 0.179149 0.028524 0.06071
15 0.115205 0.747104 0.028438 0.055406
15 0.40547099999999997 0.8273999999999999 0.024118 0.063308
15 0.298769 0.7543219999999999 0.025162 0.061594
15 0.861888 0.215364 0.02756 0.057728
15 0.801209 0.555707 0.02701 0.061168
15 0.187242 0.401545 0.025854 0.05372
15 0.77098 0.124333 0.025632 0.054036
15 0.958819 0.47191099999999997 0.030816 0.053514
15 0.8765120000000001 0.491827 0.024372 0.054254
15 0.49854699999999996 0.747707 0.021396 0.048542
15 0.37574 0.363297 0.026684 0.060444
15 0.08710999999999999 0.836245 0.026304 0.052382
15 0.527277 0.859575 0.02248 0.064828
15 0.271934 0.390555 0.021734 0.046662
