15 0.617946 0.553176 0.025592 0.06332
15 0.22627 0.17874600000000002 0.027938 0.060178
15 0.404977 0.827262 0.024906 0.065226
15 0.298402 0.754264 0.025498 0.0622
15 0.861948 0.215441 0.027568 0.058092
15 0.334493 0.44352 0.02599 0.058856
15 0.8012279999999999 0.555783 0.027062 0.060908
15 0.126748 0.837074 0.026428 0.057388
15 0.771191 0.124529 0.025734 0.054478
15 0.958592 0.474211 0.028004 0.058096
15 0.8767469999999999 0.491753 0.024222 0.053498
15 0.49831 0.747652 0.021396 0.048216
15 0.247393 0.31767599999999996 0.022184 0.051248
15 0.5273519999999999 0.860336 0.023002 0.065408
15 0.271442 0.391194 0.022238 0.048908
