15 0.197065 0.43005 0.026726 0.061394
15 0.221575 0.405855 0.02685 0.058048
15 0.19672800000000001 0.377518 0.025484 0.058838
15 0.757077 0.8242750000000001 0.025742 0.06106
15 0.29173299999999996 0.47615 0.028994 0.061152
15 0.19607200000000002 0.5744699999999999 0.025722 0.056598
15 0.19500699999999999 0.526147 0.025198 0.056086
15 0.267923 0.45745399999999997 0.02853 0.061124
15 0.24448899999999998 0.525293 0.028852 0.065582
15 0.246593 0.42832 0.027648 0.065326
15 0.24355 0.480049 0.026076 0.05646
15 0.196055 0.477914 0.027364 0.051022
15 0.220082 0.495347 0.026352 0.066148
15 0.267601 0.500757 0.033006 0.07327
15 0.217718 0.546692 0.028528 0.061278
15 0.221652 0.450854 0.02851 0.048016
15 0.200633 0.513145 0.024996 0.06566
15 0.257584 0.515374 0.031846 0.07844
15 0.230163 0.5062949999999999 0.028226 0.074138
15 0.227914 0.465012 0.026408 0.074766
