15 0.617771 0.5530280000000001 0.025674 0.063314
15 0.226191 0.17873899999999998 0.028686 0.061084
15 0.8408610000000001 0.329536 0.027878 0.05907
15 0.29854099999999995 0.754529 0.02531 0.060264
15 0.405014 0.8274360000000001 0.024794 0.064656
15 0.27703300000000003 0.614035 0.0258 0.057428
15 0.801268 0.5552579999999999 0.026608 0.06015
15 0.126223 0.837599 0.026028 0.05669
15 0.9586899999999999 0.473376 0.027194 0.0571
15 0.771231 0.12421600000000001 0.025542 0.053208
15 0.876883 0.491212 0.024 0.053516
15 0.498451 0.747707 0.021396 0.048198
15 0.527353 0.860013 0.02266 0.064862
15 0.27148 0.390915 0.022084 0.04696
