15 0.617775 0.552998 0.025722 0.062888
15 0.22599 0.178407 0.028348 0.062606
15 0.40415 0.826056 0.029406 0.062128
15 0.298427 0.754597 0.025372 0.06117
15 0.277001 0.613687 0.025898 0.05764
15 0.801033 0.554904 0.02679 0.06043
15 0.77107 0.12475 0.026048 0.055822
15 0.958674 0.473865 0.027322 0.059182
15 0.528523 0.7421260000000001 0.024452 0.056858
15 0.126466 0.836968 0.025782 0.055994
15 0.528493 0.861305 0.024258 0.066678
15 0.271361 0.390923 0.022356 0.047336
15 0.502663 0.88958 0.01928 0.061566
