15 0.617747 0.553318 0.02603 0.06385
15 0.226206 0.17903999999999998 0.028636 0.061148
15 0.861764 0.21547 0.02755 0.05817
15 0.276578 0.614407 0.025218 0.055128
15 0.8011119999999999 0.55584 0.026778 0.060118
15 0.40468499999999996 0.826118 0.029044 0.06304
15 0.771108 0.12501500000000002 0.025596 0.05411
15 0.958416 0.47195200000000004 0.028016 0.056536
15 0.351422 0.738421 0.026402 0.060446
15 0.876612 0.491751 0.024346 0.05392
15 0.49848 0.747566 0.020828 0.046652
15 0.271493 0.39092 0.022112 0.047322
15 0.5271809999999999 0.859679 0.02161 0.063204
15 0.29873900000000003 0.751594 0.020742 0.047622
