15 0.617746 0.553315 0.026038 0.063864
15 0.226206 0.179037 0.028634 0.061156
15 0.861762 0.215461 0.02756 0.058178
15 0.8011090000000001 0.555835 0.026782 0.060126
15 0.27653500000000003 0.614424 0.025132 0.054918
15 0.404703 0.8261160000000001 0.029052 0.063112
15 0.771107 0.12501600000000002 0.025602 0.054116
15 0.958374 0.471885 0.02796 0.05647
15 0.35129 0.7385550000000001 0.026628 0.060564
15 0.876595 0.491753 0.024338 0.053908
15 0.498471 0.74756 0.020786 0.04656
15 0.27149199999999996 0.39091899999999996 0.022106 0.047298
15 0.5271819999999999 0.859669 0.021626 0.063242
15 0.298764 0.751285 0.020554 0.047078
