15 0.617819 0.552996 0.025782 0.063574
15 0.298651 0.754632 0.025968 0.064444
15 0.404279 0.825891 0.028992 0.063352
15 0.243152 0.750491 0.026168 0.057204
15 0.861813 0.215545 0.027808 0.057874
15 0.801285 0.5556110000000001 0.026964 0.06061
15 0.771252 0.124878 0.025784 0.054694
15 0.126468 0.837776 0.025966 0.05764
15 0.958739 0.47183800000000004 0.0307 0.053258
15 0.876765 0.491572 0.02407 0.053268
15 0.49842600000000004 0.7477090000000001 0.02156 0.048674
15 0.27141200000000004 0.39103 0.022912 0.048094
15 0.375616 0.363228 0.026294 0.059566
15 0.5273519999999999 0.860213 0.02267 0.065224
