15 0.61775 0.553311 0.026026 0.063868
15 0.226207 0.179034 0.02863 0.06116
15 0.8617509999999999 0.215475 0.027564 0.058202
15 0.276569 0.614422 0.025228 0.05506
15 0.8011090000000001 0.555834 0.026788 0.060108
15 0.40474099999999996 0.826172 0.029052 0.063118
15 0.771109 0.125015 0.025608 0.054146
15 0.958411 0.471985 0.028028 0.056568
15 0.351336 0.73864 0.026592 0.06066
15 0.8766160000000001 0.491746 0.02435 0.053954
15 0.498469 0.747556 0.020792 0.046534
15 0.271493 0.390914 0.022114 0.047348
15 0.527178 0.859706 0.021654 0.06318
15 0.298619 0.751377 0.020472 0.047432
