15 0.617773 0.553138 0.025806 0.063788
15 0.22611 0.179122 0.02858 0.061198
15 0.404792 0.827116 0.02494 0.064636
15 0.298598 0.7544179999999999 0.025546 0.062134
15 0.27663000000000004 0.613992 0.025634 0.057196
15 0.8616510000000001 0.215625 0.027546 0.057722
15 0.801144 0.5557650000000001 0.027026 0.060828
15 0.35077600000000003 0.735316 0.02956 0.06249
15 0.126293 0.8374010000000001 0.026156 0.056856
15 0.7709999999999999 0.12477300000000001 0.025734 0.054124
15 0.958704 0.47406800000000004 0.027772 0.057772
15 0.8765729999999999 0.491637 0.024414 0.054632
15 0.498537 0.747533 0.021424 0.04848
15 0.271372 0.391285 0.02254 0.047904
15 0.52726 0.859783 0.02247 0.064474
