15 0.617755 0.5532279999999999 0.026088 0.063346
15 0.225877 0.178429 0.028236 0.061816
15 0.404009 0.826055 0.029844 0.062464
15 0.298472 0.754645 0.025466 0.061128
15 0.276992 0.613974 0.025946 0.057654
15 0.801056 0.5548780000000001 0.026476 0.059886
15 0.6393960000000001 0.8285450000000001 0.026712 0.060318
15 0.9584790000000001 0.474133 0.027338 0.058566
15 0.771206 0.124662 0.025666 0.053754
15 0.126498 0.837091 0.02571 0.055812
15 0.528096 0.860697 0.0214 0.059288
15 0.271426 0.390745 0.022282 0.04733
