15 0.6176079999999999 0.553207 0.026036 0.063228
15 0.226163 0.178933 0.028638 0.06118
15 0.404658 0.82786 0.024034 0.063204
15 0.861775 0.215673 0.027428 0.058158
15 0.27674499999999996 0.6144310000000001 0.025396 0.055846
15 0.8012159999999999 0.555729 0.026908 0.060178
15 0.298967 0.754333 0.024778 0.059684
15 0.351499 0.735681 0.029838 0.062198
15 0.771176 0.124613 0.025588 0.053334
15 0.95866 0.474057 0.027626 0.056812
15 0.876572 0.49161499999999997 0.023914 0.05253
15 0.498512 0.7473449999999999 0.021162 0.047316
15 0.5273089999999999 0.860191 0.02263 0.063188
15 0.271431 0.39104 0.022326 0.047428
