15 0.19707400000000003 0.43005 0.026726 0.061318
15 0.221602 0.405716 0.02681 0.058092
15 0.196749 0.377601 0.025472 0.058902
15 0.757263 0.8240179999999999 0.025136 0.060674
15 0.291759 0.47621 0.029 0.061104
15 0.196127 0.574446 0.025756 0.056602
15 0.26795 0.457504 0.028536 0.06106
15 0.194934 0.526008 0.025238 0.055944
15 0.24448899999999998 0.525174 0.028966 0.06574
15 0.24552300000000002 0.428235 0.026438 0.06385
15 0.243621 0.479708 0.02587 0.055934
15 0.196078 0.477885 0.027424 0.05114
15 0.220138 0.4954 0.02644 0.06591
15 0.267576 0.500747 0.033094 0.073116
15 0.217781 0.546763 0.028474 0.061018
15 0.221627 0.450591 0.028466 0.04764
15 0.200423 0.513049 0.025018 0.065312
15 0.257498 0.515482 0.031892 0.0787
15 0.230577 0.506213 0.027934 0.07384
15 0.227912 0.465008 0.026346 0.074166
