15 0.617959 0.553149 0.0256 0.063372
15 0.226247 0.17877200000000001 0.028344 0.059846
15 0.33409500000000003 0.24121 0.024746 0.058912
15 0.405144 0.827125 0.024618 0.065018
15 0.298235 0.7546039999999999 0.025586 0.061092
15 0.861945 0.215423 0.027614 0.058128
15 0.8012119999999999 0.555746 0.027024 0.060778
15 0.388444 0.20938700000000002 0.02373 0.053296
15 0.771199 0.12481 0.025844 0.05517
15 0.958574 0.474209 0.028022 0.058032
15 0.126662 0.8358099999999999 0.02557 0.055416
15 0.876741 0.491709 0.024256 0.053674
15 0.498367 0.747673 0.021226 0.048224
15 0.5272760000000001 0.860237 0.022936 0.06518
15 0.271202 0.390899 0.021602 0.045818
