15 0.61793 0.553296 0.025966 0.064096
15 0.227292 0.18200500000000003 0.028096 0.06353
15 0.115325 0.74712 0.028466 0.055662
15 0.29895900000000003 0.7543449999999999 0.025212 0.061308
15 0.405123 0.826044 0.02503 0.062646
15 0.861891 0.214805 0.02701 0.056294
15 0.866281 0.343916 0.026462 0.052746
15 0.187368 0.401629 0.025708 0.053308
15 0.550451 0.794551 0.021396 0.05368
15 0.771032 0.124057 0.025382 0.05344
15 0.858993 0.597966 0.026072 0.052978
15 0.895458 0.490274 0.023484 0.052044
15 0.49857399999999996 0.748482 0.020928 0.048602
15 0.08736999999999999 0.836529 0.026798 0.052748
15 0.37587499999999996 0.363641 0.026712 0.059618
15 0.271933 0.39096 0.021936 0.04738
