15 0.339003 0.439833 0.023878 0.059398
15 0.18526399999999998 0.108736 0.030172 0.06498
15 0.306028 0.611083 0.026406 0.060994
15 0.399141 0.28102 0.025642 0.053374
15 0.433998 0.36861 0.025798 0.055904
15 0.113512 0.388184 0.026314 0.053114
15 0.294336 0.478061 0.024554 0.055466
15 0.212029 0.519962 0.029784 0.05919
15 0.16266899999999998 0.7185250000000001 0.026064 0.060116
15 0.322478 0.493803 0.025052 0.061528
15 0.148502 0.776483 0.024564 0.054632
15 0.23180900000000002 0.558257 0.026224 0.05866
15 0.300236 0.22755799999999998 0.022156 0.050708
15 0.20075 0.573042 0.030102 0.070388
15 0.153419 0.585525 0.021334 0.049456
15 0.251409 0.44459800000000005 0.020506 0.054788
