15 0.617777 0.5534330000000001 0.026048 0.063716
15 0.227153 0.181857 0.02815 0.063816
15 0.115216 0.747066 0.02853 0.055722
15 0.298842 0.7543719999999999 0.025188 0.061934
15 0.405395 0.827358 0.02429 0.064718
15 0.861826 0.21571900000000002 0.027676 0.058244
15 0.801245 0.5558230000000001 0.027092 0.061428
15 0.187304 0.401396 0.026018 0.054094
15 0.771127 0.12452 0.025638 0.05443
15 0.958849 0.471999 0.03074 0.053632
15 0.8765470000000001 0.492205 0.024434 0.054312
15 0.49861 0.747631 0.021478 0.04834
15 0.375745 0.363435 0.026374 0.059966
15 0.08719500000000001 0.836028 0.026542 0.052546
15 0.271898 0.390495 0.02174 0.046906
15 0.527197 0.859591 0.02233 0.064524
