15 0.617578 0.552778 0.025781 0.063889
15 0.225781 0.179167 0.028125 0.061111
15 0.298438 0.754167 0.025000 0.061111
15 0.414844 0.165972 0.026562 0.056944
15 0.405078 0.827778 0.024219 0.063889
15 0.276953 0.614583 0.025781 0.056944
15 0.801172 0.555556 0.027344 0.061111
15 0.126172 0.836806 0.025781 0.056944
15 0.958594 0.474306 0.026562 0.056944
15 0.498047 0.747917 0.021094 0.048611
15 0.271484 0.390972 0.022656 0.048611
15 0.527344 0.859722 0.021875 0.063889
15 0.771484 0.121528 0.032031 0.045833
