15 0.617839 0.5530090000000001 0.025784 0.063662
15 0.29864 0.7549349999999999 0.026058 0.064496
15 0.404736 0.825776 0.025918 0.065084
15 0.227091 0.182056 0.027864 0.062956
15 0.24308600000000002 0.7505379999999999 0.026172 0.05737
15 0.861793 0.21576900000000002 0.02783 0.058514
15 0.801285 0.555758 0.026906 0.060576
15 0.771265 0.125102 0.02596 0.05528
15 0.126343 0.8375819999999999 0.025876 0.057194
15 0.958665 0.471779 0.030646 0.053356
15 0.876694 0.491784 0.024112 0.053084
15 0.498426 0.7478269999999999 0.021608 0.04896
15 0.375621 0.363307 0.026604 0.05976
15 0.271382 0.391056 0.022328 0.04776
15 0.527286 0.859878 0.022472 0.065572
