15 0.6179690000000001 0.552049 0.025462 0.064026
15 0.226039 0.17808800000000002 0.027974 0.062416
15 0.115284 0.7465080000000001 0.028142 0.055598
15 0.29869999999999997 0.753135 0.024994 0.060412
15 0.862341 0.21399600000000002 0.027774 0.05624
15 0.187145 0.400935 0.026192 0.054144
15 0.8292189999999999 0.5758449999999999 0.025334 0.057132
15 0.905827 0.394808 0.026078 0.054642
15 0.404988 0.8257519999999999 0.029282 0.065796
15 0.8786259999999999 0.492377 0.02327 0.054086
15 0.7710020000000001 0.12232599999999999 0.024674 0.050362
15 0.08728899999999999 0.835492 0.026798 0.05187
15 0.37589300000000003 0.36295700000000003 0.026656 0.060382
15 0.498604 0.746715 0.020594 0.04655
15 0.27185400000000004 0.389692 0.021788 0.047364
15 0.5375380000000001 0.834098 0.018766 0.048214
