15 0.617751 0.553158 0.025964 0.063042
15 0.225879 0.178335 0.028312 0.062282
15 0.298352 0.754516 0.025574 0.061312
15 0.40406800000000004 0.825972 0.029688 0.063164
15 0.276999 0.613952 0.025888 0.057552
15 0.6385190000000001 0.825693 0.027662 0.05814
15 0.801001 0.554505 0.02644 0.059708
15 0.9584239999999999 0.473949 0.027186 0.058142
15 0.1264 0.836937 0.026026 0.056756
15 0.771106 0.12449 0.025796 0.053924
15 0.528416 0.863911 0.019822 0.060852
15 0.27116100000000004 0.39054799999999995 0.022124 0.047132
