15 0.617807 0.5532009999999999 0.025944 0.063176
15 0.22598000000000001 0.178394 0.028446 0.061812
15 0.298394 0.7544040000000001 0.025402 0.061098
15 0.40410399999999996 0.826428 0.029654 0.062156
15 0.276964 0.614183 0.025852 0.057256
15 0.41526 0.16627499999999998 0.025938 0.054594
15 0.801195 0.554746 0.026768 0.060474
15 0.958449 0.47399 0.026998 0.057948
15 0.771145 0.12470099999999999 0.025852 0.055136
15 0.126496 0.837232 0.025976 0.056962
15 0.49837699999999996 0.747657 0.021218 0.047644
15 0.27133199999999996 0.390578 0.022006 0.047124
15 0.5271669999999999 0.859225 0.021834 0.065468
