15 0.617701 0.5530210000000001 0.02588 0.063028
15 0.22602799999999998 0.17871399999999998 0.02856 0.061318
15 0.840826 0.329786 0.028034 0.059278
15 0.298432 0.7547410000000001 0.025362 0.061168
15 0.40499 0.827325 0.02446 0.064446
15 0.27674299999999996 0.6139749999999999 0.025728 0.057364
15 0.801206 0.555226 0.02657 0.059874
15 0.12639799999999998 0.8372959999999999 0.025868 0.056892
15 0.771217 0.124525 0.025514 0.053828
15 0.958445 0.47317299999999995 0.02709 0.056966
15 0.876785 0.49138899999999996 0.023918 0.052874
15 0.4985 0.747576 0.021112 0.047666
15 0.527282 0.859772 0.022616 0.065006
15 0.27133 0.39095399999999997 0.022096 0.047226
