15 0.617747 0.553262 0.025852 0.063474
15 0.22606600000000002 0.178725 0.028606 0.061172
15 0.29851700000000003 0.754824 0.025324 0.061188
15 0.84083 0.329661 0.027722 0.058734
15 0.404542 0.826141 0.025578 0.063854
15 0.276835 0.614183 0.025732 0.057356
15 0.80115 0.5558420000000001 0.026634 0.060032
15 0.126355 0.837291 0.02604 0.057266
15 0.9584090000000001 0.47374499999999997 0.027444 0.05772
15 0.87673 0.49144499999999997 0.023978 0.05358
15 0.7711169999999999 0.124624 0.025494 0.05309
15 0.498423 0.747864 0.021352 0.048484
15 0.271424 0.391002 0.02197 0.046946
15 0.527163 0.859326 0.021964 0.06542
