15 0.617683 0.553958 0.026394 0.064164
15 0.227204 0.18233 0.028364 0.064338
15 0.115125 0.747362 0.028766 0.056192
15 0.404981 0.8264130000000001 0.025694 0.06437
15 0.29891199999999996 0.754791 0.025036 0.061186
15 0.8616280000000001 0.216556 0.027422 0.059062
15 0.801429 0.556678 0.027208 0.062002
15 0.187169 0.40164999999999995 0.02612 0.054398
15 0.771102 0.125167 0.02561 0.055724
15 0.958797 0.472272 0.030584 0.053354
15 0.87663 0.492915 0.02437 0.053452
15 0.498522 0.748257 0.021524 0.048632
15 0.375617 0.363765 0.02645 0.059836
15 0.086896 0.83638 0.026876 0.052944
15 0.271872 0.390996 0.022194 0.048036
15 0.527483 0.861855 0.019716 0.054094
