15 0.617906 0.5530039999999999 0.025822 0.063634
15 0.225963 0.17851799999999998 0.028406 0.061488
15 0.29841 0.754652 0.02537 0.06088
15 0.40499599999999997 0.827597 0.024396 0.064648
15 0.276831 0.6139749999999999 0.025788 0.057264
15 0.8406119999999999 0.329734 0.027046 0.056872
15 0.801187 0.555239 0.026926 0.060572
15 0.958437 0.47141099999999997 0.030476 0.053492
15 0.126292 0.83716 0.0259 0.056362
15 0.87663 0.490839 0.024144 0.05359
15 0.49842 0.7474449999999999 0.021202 0.047424
15 0.271311 0.390602 0.022096 0.047322
15 0.527186 0.8588279999999999 0.022038 0.064954
15 0.769655 0.123024 0.022252 0.055258
