15 0.617802 0.553222 0.025966 0.063128
15 0.225954 0.178436 0.028364 0.061732
15 0.298429 0.7543679999999999 0.025384 0.061022
15 0.404135 0.826424 0.029572 0.06216
15 0.276947 0.6142270000000001 0.025846 0.057306
15 0.415269 0.166344 0.025984 0.05449
15 0.801199 0.554775 0.026746 0.06038
15 0.958428 0.473952 0.026964 0.057904
15 0.126543 0.837295 0.025996 0.057296
15 0.771153 0.124717 0.025798 0.054834
15 0.498339 0.747713 0.021192 0.047574
15 0.271343 0.39061199999999996 0.022026 0.04709
15 0.527245 0.8595879999999999 0.022112 0.065184
