15 0.617736 0.553332 0.026174 0.06322
15 0.226133 0.178983 0.028542 0.060754
15 0.840662 0.32957400000000003 0.027766 0.058772
15 0.298392 0.754597 0.025142 0.060846
15 0.40520799999999996 0.827399 0.024334 0.064832
15 0.27683 0.6141 0.025772 0.05731
15 0.801262 0.555594 0.026758 0.06021
15 0.771209 0.12465999999999999 0.02599 0.05539
15 0.126576 0.837114 0.026024 0.05728
15 0.958577 0.471437 0.030264 0.053038
15 0.8767900000000001 0.491419 0.023794 0.05224
15 0.498392 0.747913 0.021542 0.047846
15 0.527413 0.8601530000000001 0.022726 0.063954
15 0.27143799999999996 0.39124 0.022152 0.047064
