15 0.617914 0.552994 0.025792 0.063624
15 0.225968 0.17851899999999998 0.028396 0.061486
15 0.298397 0.7546109999999999 0.025362 0.060784
15 0.404995 0.8276 0.024396 0.064588
15 0.27683 0.613972 0.025796 0.05727
15 0.801192 0.555251 0.026762 0.060292
15 0.840669 0.32989799999999997 0.026338 0.054642
15 0.126282 0.837159 0.025904 0.056328
15 0.958384 0.471392 0.03044 0.053462
15 0.8766999999999999 0.49110000000000004 0.024012 0.053482
15 0.49842000000000003 0.747436 0.021182 0.047414
15 0.271302 0.39060100000000003 0.022094 0.0473
15 0.527192 0.858844 0.022074 0.064912
15 0.769873 0.122495 0.022018 0.053628
