15 0.6177830000000001 0.5530440000000001 0.025716 0.063214
15 0.226183 0.17874 0.028698 0.061086
15 0.298542 0.754532 0.025312 0.0603
15 0.840822 0.329472 0.02778 0.059022
15 0.405013 0.8274360000000001 0.02478 0.06465
15 0.277023 0.6140749999999999 0.02581 0.057456
15 0.801295 0.5552429999999999 0.026562 0.059964
15 0.126246 0.8376450000000001 0.026 0.05658
15 0.958566 0.471119 0.030246 0.053282
15 0.771238 0.12422 0.025538 0.053256
15 0.876866 0.491172 0.02396 0.053348
15 0.49844099999999997 0.7476400000000001 0.02138 0.048126
15 0.5273559999999999 0.860012 0.022654 0.064836
15 0.271484 0.390942 0.022134 0.047064
