15 0.617752 0.553295 0.02602 0.063926
15 0.22702699999999998 0.181705 0.02796 0.063552
15 0.8617739999999999 0.215472 0.02754 0.05813
15 0.40482799999999997 0.82752 0.023616 0.062982
15 0.276618 0.614388 0.025412 0.055506
15 0.8011079999999999 0.555842 0.026768 0.060098
15 0.35159100000000004 0.735552 0.030186 0.062948
15 0.298974 0.754098 0.024698 0.058386
15 0.771108 0.12501700000000002 0.025596 0.054112
15 0.958367 0.471967 0.027998 0.056524
15 0.8766120000000001 0.491758 0.02434 0.05392
15 0.498539 0.7476769999999999 0.020988 0.047046
15 0.271497 0.39098299999999997 0.02215 0.047402
15 0.5271899999999999 0.8600639999999999 0.022268 0.06401
