15 0.617785 0.5526230000000001 0.025544 0.062804
15 0.226023 0.17809599999999998 0.028296 0.062812
15 0.298315 0.7544190000000001 0.025266 0.061098
15 0.276868 0.613433 0.025962 0.057916
15 0.404251 0.825821 0.029414 0.063034
15 0.41523600000000005 0.165874 0.026132 0.055352
15 0.801093 0.554567 0.026696 0.060388
15 0.9585049999999999 0.473706 0.027132 0.058632
15 0.7710579999999999 0.124134 0.02588 0.05474
15 0.12645900000000002 0.836627 0.025912 0.056142
15 0.498417 0.747067 0.021046 0.047582
15 0.5273100000000001 0.8591690000000001 0.02292 0.065082
15 0.271344 0.39041899999999996 0.022084 0.047356
