15 0.6177149999999999 0.552853 0.025872 0.063318
15 0.226056 0.178574 0.028466 0.061858
15 0.298334 0.754303 0.025308 0.061372
15 0.405268 0.8273029999999999 0.02425 0.064658
15 0.276875 0.613965 0.025836 0.057594
15 0.840486 0.32730400000000004 0.027242 0.057204
15 0.801265 0.5550470000000001 0.026608 0.059606
15 0.771223 0.124141 0.025846 0.05416
15 0.958623 0.47339800000000004 0.02716 0.056776
15 0.12673 0.836214 0.025836 0.05648
15 0.876798 0.4914 0.023622 0.051944
15 0.498504 0.747169 0.021456 0.048192
15 0.527506 0.86015 0.023176 0.064104
15 0.27137 0.390889 0.022158 0.047184
