15 0.196755 0.42979 0.02694 0.06274
15 0.22152 0.405862 0.026796 0.05816
15 0.196717 0.37742200000000004 0.025336 0.058204
15 0.756957 0.824085 0.02561 0.060886
15 0.29184699999999997 0.475765 0.02916 0.06162
15 0.196514 0.573922 0.025804 0.055808
15 0.2677 0.457496 0.028486 0.060732
15 0.194667 0.525352 0.025384 0.054896
15 0.24427900000000002 0.524118 0.030884 0.067974
15 0.245343 0.428028 0.026494 0.064126
15 0.19589399999999998 0.47746900000000003 0.02724 0.051162
15 0.24355300000000002 0.47912899999999997 0.025214 0.055114
15 0.26762400000000003 0.500022 0.032868 0.07146
15 0.21948700000000002 0.49401700000000004 0.026388 0.067204
15 0.217768 0.546188 0.028842 0.061472
15 0.221268 0.45030000000000003 0.028366 0.047748
15 0.201284 0.511005 0.024518 0.066098
15 0.23313 0.506408 0.027374 0.07434
15 0.257056 0.514959 0.03235 0.079508
15 0.28235200000000005 0.483044 0.030696 0.06768
15 0.226829 0.463982 0.031044 0.070592
