15 0.6176999999999999 0.553023 0.02588 0.063026
15 0.22602799999999998 0.17871700000000001 0.02856 0.0613
15 0.840817 0.329719 0.028038 0.059298
15 0.29843200000000003 0.754741 0.025364 0.061166
15 0.40498900000000004 0.827331 0.024456 0.064438
15 0.276742 0.6139709999999999 0.025726 0.057346
15 0.801197 0.55521 0.026532 0.05976
15 0.12639799999999998 0.837288 0.025872 0.056894
15 0.771213 0.12453700000000001 0.025514 0.053846
15 0.958484 0.47310800000000003 0.027096 0.05693
15 0.8767959999999999 0.491379 0.023896 0.052812
15 0.49850099999999997 0.747582 0.021114 0.047678
15 0.5272819999999999 0.859778 0.022622 0.065012
15 0.27133 0.390957 0.0221 0.047226
