15 0.6177509999999999 0.55321 0.026058 0.063374
15 0.22586900000000001 0.178356 0.028268 0.0621
15 0.403974 0.826107 0.029842 0.062534
15 0.29846 0.754669 0.025472 0.061168
15 0.27699599999999996 0.613988 0.02594 0.057672
15 0.8010459999999999 0.554949 0.02649 0.05997
15 0.6394059999999999 0.828344 0.026676 0.060392
15 0.958476 0.47401899999999997 0.027376 0.058754
15 0.771195 0.124748 0.025642 0.053838
15 0.126494 0.837071 0.02574 0.055944
15 0.528169 0.860873 0.021564 0.059816
15 0.27142499999999997 0.390753 0.022292 0.047344
