15 0.617942 0.553122 0.025654 0.063414
15 0.226193 0.178814 0.028366 0.06038
15 0.242403 0.7500450000000001 0.031818 0.056324
15 0.40506200000000003 0.8270299999999999 0.024768 0.065492
15 0.298511 0.75503 0.026108 0.064848
15 0.861931 0.21533200000000002 0.027436 0.057582
15 0.801146 0.555443 0.026778 0.059914
15 0.12644 0.83724 0.02636 0.056724
15 0.771118 0.124513 0.025638 0.054164
15 0.958619 0.474123 0.027992 0.05779
15 0.8767860000000001 0.491623 0.024364 0.054006
15 0.49852399999999997 0.747567 0.021322 0.048166
15 0.375689 0.362895 0.026546 0.05994
15 0.5273810000000001 0.860317 0.023068 0.065236
15 0.27135000000000004 0.390857 0.022024 0.046622
