15 0.617758 0.5530259999999999 0.02573 0.06303
15 0.226092 0.178667 0.028302 0.061172
15 0.405204 0.827151 0.024526 0.064916
15 0.298472 0.75485 0.02617 0.065248
15 0.243171 0.749471 0.026884 0.05721
15 0.862031 0.214607 0.027862 0.056938
15 0.801141 0.555315 0.026692 0.059626
15 0.7712019999999999 0.12371 0.025588 0.053598
15 0.958525 0.471569 0.03083 0.053752
15 0.126574 0.837147 0.025762 0.055184
15 0.87665 0.491463 0.024354 0.054526
15 0.498546 0.747314 0.021504 0.048308
15 0.527393 0.8604240000000001 0.023548 0.065832
15 0.37557399999999996 0.362854 0.026604 0.0594
15 0.271465 0.391014 0.02247 0.04765
