15 0.617673 0.554594 0.026672 0.064292
15 0.115125 0.747549 0.029014 0.055796
15 0.29863199999999995 0.754945 0.025708 0.061248
15 0.40552299999999997 0.828029 0.024982 0.063984
15 0.861313 0.217213 0.027586 0.060536
15 0.801439 0.557549 0.027344 0.062868
15 0.22731700000000002 0.182538 0.02855 0.064674
15 0.770806 0.12615 0.025842 0.055468
15 0.187258 0.402046 0.025614 0.053346
15 0.958803 0.474891 0.027266 0.055994
15 0.499041 0.746885 0.023856 0.052288
15 0.08659700000000001 0.836944 0.02746 0.053156
15 0.8765949999999999 0.493485 0.024158 0.052932
15 0.527212 0.8626900000000001 0.02119 0.058356
15 0.37549699999999997 0.364086 0.026422 0.059166
15 0.271832 0.392284 0.02188 0.04871
