15 0.617742 0.553181 0.026064 0.063482
15 0.22614499999999998 0.178989 0.028564 0.06102
15 0.840665 0.329515 0.027754 0.058746
15 0.298363 0.7545810000000001 0.025162 0.060802
15 0.405195 0.827345 0.024418 0.064906
15 0.27686 0.614171 0.025748 0.057222
15 0.801203 0.555587 0.02674 0.060156
15 0.771217 0.12462999999999999 0.025984 0.055362
15 0.126532 0.83696 0.025888 0.056632
15 0.95867 0.473553 0.027168 0.056654
15 0.876792 0.49142199999999997 0.023744 0.052128
15 0.49839 0.747934 0.021558 0.047892
15 0.527419 0.860205 0.022802 0.064032
15 0.271416 0.391254 0.0222 0.04714
