15 0.61788 0.552822 0.025504 0.062962
15 0.225888 0.1785 0.028298 0.062454
15 0.415248 0.16596 0.026546 0.05673
15 0.298525 0.75448 0.025384 0.060928
15 0.404927 0.8275429999999999 0.024542 0.064844
15 0.276825 0.614047 0.025794 0.057396
15 0.8010879999999999 0.55511 0.02673 0.061086
15 0.9584659999999999 0.47422400000000003 0.027294 0.058756
15 0.771385 0.124239 0.025554 0.05454
15 0.126478 0.836839 0.025982 0.056234
15 0.498583 0.7474540000000001 0.02138 0.047932
15 0.5274 0.860061 0.023096 0.064854
15 0.271406 0.390466 0.022038 0.047476
