15 0.6179100000000001 0.553003 0.025802 0.063644
15 0.225964 0.178517 0.02841 0.061466
15 0.298407 0.754653 0.025374 0.060888
15 0.405 0.8276060000000001 0.024382 0.064618
15 0.276829 0.613977 0.02579 0.05727
15 0.840622 0.32957 0.027136 0.057206
15 0.801195 0.555265 0.026938 0.060692
15 0.958437 0.471342 0.030398 0.053376
15 0.126288 0.837154 0.025908 0.056366
15 0.8766130000000001 0.490811 0.024064 0.053392
15 0.498418 0.747445 0.02119 0.047434
15 0.27130899999999997 0.39059499999999997 0.022098 0.047322
15 0.527185 0.858827 0.02204 0.06495
15 0.7699309999999999 0.12330999999999999 0.023094 0.055442
