15 0.617865 0.553129 0.025678 0.06333
15 0.226128 0.178939 0.028466 0.060594
15 0.40513699999999997 0.827147 0.024516 0.06476
15 0.298125 0.754733 0.025596 0.06111
15 0.8618800000000001 0.215539 0.027554 0.058058
15 0.801173 0.555556 0.02687 0.060168
15 0.42169799999999996 0.287245 0.023898 0.0537
15 0.344077 0.360807 0.024428 0.061426
15 0.771154 0.12448 0.025704 0.05439
15 0.9585239999999999 0.474101 0.027988 0.058044
15 0.126606 0.835918 0.025684 0.055584
15 0.8767050000000001 0.49171 0.024272 0.053964
15 0.4985 0.747576 0.021322 0.048592
15 0.527243 0.860104 0.022878 0.065172
15 0.271308 0.390718 0.021108 0.046596
