15 0.617712 0.553399 0.025948 0.063384
15 0.226198 0.179125 0.028488 0.060714
15 0.298567 0.75453 0.02646 0.065282
15 0.40509500000000004 0.827287 0.025182 0.06524
15 0.24318599999999999 0.7498659999999999 0.026952 0.05788
15 0.86183 0.215417 0.027934 0.05783
15 0.801163 0.555832 0.027234 0.061484
15 0.771364 0.124419 0.026 0.05528
15 0.958581 0.473866 0.027928 0.05832
15 0.126534 0.8372149999999999 0.025566 0.055092
15 0.87669 0.49163399999999996 0.02429 0.054198
15 0.498314 0.747746 0.021516 0.048286
15 0.527426 0.860642 0.023312 0.065892
15 0.375583 0.362728 0.026554 0.059322
15 0.27153 0.391158 0.02243 0.047718
