15 0.6178830000000001 0.55281 0.025508 0.062966
15 0.225938 0.178689 0.028288 0.061776
15 0.41521 0.166014 0.026478 0.05646
15 0.298479 0.754541 0.025348 0.060808
15 0.404896 0.827602 0.024536 0.064836
15 0.276825 0.614119 0.025918 0.05748
15 0.801183 0.554979 0.026754 0.060932
15 0.958462 0.47433200000000003 0.027292 0.058606
15 0.771383 0.124217 0.025584 0.054638
15 0.126479 0.8369479999999999 0.025978 0.056274
15 0.49856500000000004 0.7474820000000001 0.021472 0.048148
15 0.5273059999999999 0.859715 0.02273 0.064812
15 0.271377 0.39051800000000003 0.022052 0.047444
