15 0.617725 0.5532400000000001 0.026 0.063522
15 0.225869 0.17864999999999998 0.028362 0.061922
15 0.298354 0.75432 0.025424 0.060804
15 0.40404700000000005 0.826241 0.029356 0.061862
15 0.276969 0.6140129999999999 0.025846 0.057346
15 0.6383599999999999 0.826848 0.024482 0.056218
15 0.8011299999999999 0.555221 0.026482 0.059648
15 0.958493 0.47392999999999996 0.027354 0.058846
15 0.7711589999999999 0.124777 0.025456 0.05403
15 0.126443 0.837254 0.025908 0.056032
15 0.527278 0.85973 0.02335 0.064926
15 0.27127599999999996 0.390528 0.022214 0.047566
