15 0.6177360000000001 0.553059 0.025756 0.064164
15 0.226156 0.17913500000000002 0.028544 0.060846
15 0.404939 0.82592 0.025594 0.063922
15 0.11502 0.7475160000000001 0.028 0.055722
15 0.298515 0.7544979999999999 0.025204 0.061724
15 0.861687 0.21552400000000002 0.027796 0.058246
15 0.801191 0.556107 0.027124 0.060592
15 0.187283 0.40159700000000004 0.025994 0.053752
15 0.7710159999999999 0.12466400000000001 0.02561 0.054128
15 0.958496 0.47215399999999996 0.030882 0.053754
15 0.8765 0.49173300000000003 0.024482 0.053798
15 0.49844900000000003 0.747982 0.02148 0.04827
15 0.375512 0.363067 0.02654 0.060008
15 0.27158000000000004 0.390609 0.022078 0.048048
15 0.5273100000000001 0.860318 0.022528 0.065204
15 0.086669 0.836364 0.02536 0.051758
