15 0.19684700000000002 0.429884 0.026942 0.062626
15 0.22157600000000002 0.405844 0.026662 0.057784
15 0.196962 0.377534 0.02544 0.05836
15 0.757107 0.824106 0.025568 0.060788
15 0.291784 0.475703 0.029254 0.061524
15 0.196549 0.574091 0.025822 0.056212
15 0.194863 0.525625 0.025254 0.055232
15 0.26770099999999997 0.457226 0.028434 0.060378
15 0.24425000000000002 0.523864 0.03088 0.067372
15 0.24517699999999998 0.427442 0.026292 0.064456
15 0.195901 0.477398 0.027362 0.051148
15 0.243421 0.478839 0.025542 0.0556
15 0.26765 0.500006 0.032932 0.071258
15 0.219833 0.494702 0.026556 0.06673
15 0.217953 0.546516 0.02872 0.061208
15 0.221298 0.450011 0.028466 0.047356
15 0.200505 0.5122220000000001 0.025738 0.06609
15 0.232601 0.506147 0.02789 0.074144
15 0.256996 0.515141 0.032314 0.078664
15 0.282569 0.482825 0.030452 0.067134
15 0.227192 0.463263 0.031352 0.069646
