15 0.617888 0.553104 0.025908 0.063406
15 0.225965 0.17851599999999998 0.0284 0.061482
15 0.298397 0.754611 0.02537 0.060786
15 0.840687 0.32908000000000004 0.027884 0.058752
15 0.404995 0.8276020000000001 0.024404 0.064542
15 0.27683100000000005 0.6139690000000001 0.025804 0.057276
15 0.801229 0.555266 0.02697 0.06097
15 0.12628999999999999 0.8371390000000001 0.0259 0.056278
15 0.958443 0.471263 0.0303 0.053076
15 0.87663 0.491147 0.024318 0.054072
15 0.49842 0.747444 0.021222 0.047432
15 0.27131 0.390611 0.022118 0.047338
15 0.527182 0.858787 0.022008 0.06483
