15 0.225853 0.177314 0.028078 0.062796
15 0.8535619999999999 0.164571 0.025866 0.065344
15 0.941629 0.48645400000000005 0.028016 0.057506
15 0.7792060000000001 0.124817 0.026196 0.058424
15 0.29840900000000004 0.7532 0.025 0.060698
15 0.48080999999999996 0.759076 0.024998 0.059494
15 0.632453 0.557656 0.025536 0.057976
15 0.6045929999999999 0.6325700000000001 0.023566 0.059506
15 0.744398 0.18188 0.023728 0.055502
15 0.405219 0.8242740000000001 0.023506 0.060138
15 0.186969 0.40089199999999997 0.026092 0.053824
15 0.938912 0.660899 0.02636 0.054276
15 0.120942 0.806188 0.025772 0.05941
15 0.37572599999999995 0.363018 0.02665 0.060886
15 0.271736 0.389408 0.022002 0.048292
15 0.08784499999999999 0.834683 0.026938 0.055192
