15 0.617699 0.552783 0.025678 0.063636
15 0.226109 0.178924 0.028478 0.061454
15 0.404603 0.8255979999999999 0.026048 0.06601
15 0.29861499999999996 0.754729 0.025616 0.062716
15 0.8618060000000001 0.21521400000000002 0.027608 0.057582
15 0.801198 0.555751 0.027066 0.061094
15 0.22883299999999998 0.576301 0.024576 0.055712
15 0.126452 0.837263 0.026028 0.057134
15 0.771015 0.124908 0.02577 0.054092
15 0.958616 0.471854 0.030746 0.05363
15 0.346732 0.764402 0.024386 0.060324
15 0.876557 0.491474 0.024418 0.054026
15 0.498616 0.747425 0.021432 0.047844
15 0.271459 0.391199 0.022558 0.047832
15 0.527302 0.8600450000000001 0.022782 0.064154
