15 0.617734 0.552898 0.025696 0.06305
15 0.22615 0.17861300000000002 0.02834 0.061084
15 0.242539 0.749789 0.031434 0.056626
15 0.405171 0.827241 0.02439 0.064848
15 0.29841199999999996 0.754723 0.02604 0.064944
15 0.861974 0.21475 0.0279 0.057348
15 0.801207 0.5552600000000001 0.026904 0.060434
15 0.958477 0.473669 0.02782 0.057966
15 0.771236 0.12381500000000001 0.025678 0.053932
15 0.126767 0.836796 0.025994 0.055758
15 0.8766539999999999 0.491328 0.02439 0.054562
15 0.498478 0.747174 0.021454 0.04817
15 0.5274110000000001 0.8602259999999999 0.023416 0.065966
15 0.271523 0.39091200000000004 0.02257 0.047556
15 0.375578 0.362884 0.02661 0.059224
