15 0.196835 0.429869 0.026946 0.062628
15 0.221579 0.405845 0.026662 0.057786
15 0.196967 0.37753699999999996 0.025438 0.058348
15 0.757298 0.824172 0.025588 0.061228
15 0.291782 0.47570199999999996 0.029254 0.061526
15 0.196554 0.574104 0.02583 0.056206
15 0.19486699999999998 0.525642 0.025252 0.055232
15 0.267704 0.45723400000000003 0.028434 0.060404
15 0.244252 0.523876 0.030878 0.067346
15 0.245177 0.427469 0.026262 0.064488
15 0.19592199999999999 0.477426 0.027356 0.051106
15 0.24341800000000002 0.478877 0.025506 0.055428
15 0.267651 0.500009 0.032936 0.071296
15 0.219837 0.49467300000000003 0.026554 0.066782
15 0.217959 0.546494 0.028712 0.061196
15 0.221289 0.45006 0.028446 0.047444
15 0.200505 0.512232 0.025736 0.066074
15 0.232593 0.5061599999999999 0.027898 0.074152
15 0.256992 0.515138 0.032316 0.078678
15 0.282546 0.482835 0.030462 0.067104
15 0.227149 0.463307 0.03134 0.069662
