15 0.6176849999999999 0.553311 0.026044 0.063314
15 0.404478 0.826411 0.026252 0.066218
15 0.227028 0.182087 0.027982 0.06336
15 0.298773 0.754723 0.025386 0.061778
15 0.276634 0.6139739999999999 0.025836 0.057956
15 0.861651 0.21611599999999997 0.027628 0.058862
15 0.801182 0.5562860000000001 0.027356 0.06179
15 0.350882 0.7358579999999999 0.026464 0.06289
15 0.7710659999999999 0.125302 0.02595 0.055676
15 0.12623 0.8378260000000001 0.026178 0.057352
15 0.958696 0.47434699999999996 0.02778 0.057854
15 0.876538 0.49201599999999995 0.024278 0.05358
15 0.498573 0.747916 0.02142 0.048136
15 0.27139100000000005 0.39132900000000004 0.02248 0.04795
15 0.527222 0.859731 0.022424 0.064578
