15 0.6178370000000001 0.553079 0.025724 0.063324
15 0.225999 0.178725 0.028432 0.061156
15 0.298445 0.7545649999999999 0.0253 0.060782
15 0.415203 0.165869 0.026506 0.05615
15 0.404833 0.827641 0.024316 0.064644
15 0.27683599999999997 0.613942 0.025658 0.057068
15 0.801027 0.5554169999999999 0.026812 0.060468
15 0.771287 0.125057 0.025324 0.053852
15 0.126245 0.837295 0.026002 0.05657
15 0.958605 0.474225 0.027222 0.058168
15 0.49836400000000003 0.747706 0.021224 0.047814
15 0.27144 0.39092699999999997 0.022354 0.047944
15 0.527157 0.8596159999999999 0.022232 0.064922
