15 0.617901 0.5530499999999999 0.025876 0.063494
15 0.225966 0.17851999999999998 0.028398 0.061482
15 0.298394 0.754608 0.025366 0.060762
15 0.40498300000000004 0.827617 0.02439 0.064558
15 0.840696 0.329219 0.02766 0.058186
15 0.276828 0.613973 0.025798 0.057278
15 0.8012250000000001 0.555291 0.02696 0.060898
15 0.12628899999999998 0.8371540000000001 0.025896 0.056256
15 0.9584509999999999 0.471215 0.030206 0.052934
15 0.87666 0.491025 0.024114 0.0535
15 0.49842 0.747449 0.021218 0.04745
15 0.27130899999999997 0.390604 0.022106 0.047322
15 0.527187 0.8588610000000001 0.022046 0.06482
