15 0.617718 0.5531539999999999 0.025788 0.063276
15 0.22726 0.18176799999999999 0.028198 0.063536
15 0.298656 0.754362 0.0254 0.06228
15 0.115092 0.747341 0.028318 0.054978
15 0.405229 0.827085 0.024136 0.063734
15 0.861726 0.21559699999999998 0.027696 0.058046
15 0.801282 0.556021 0.02715 0.061456
15 0.187356 0.40152400000000005 0.025488 0.052556
15 0.9587720000000001 0.474151 0.027794 0.057616
15 0.771043 0.12428700000000001 0.025544 0.05269
15 0.876614 0.49169799999999997 0.024326 0.053438
15 0.498606 0.747651 0.021482 0.048192
15 0.37560899999999997 0.363475 0.026084 0.05912
15 0.08705399999999999 0.8364100000000001 0.026558 0.052372
15 0.527275 0.86 0.02251 0.0652
15 0.27157200000000004 0.390612 0.02173 0.04703
