15 0.617834 0.553059 0.025722 0.063356
15 0.225941 0.178559 0.02843 0.061702
15 0.29846 0.754393 0.025346 0.06077
15 0.415209 0.165794 0.026562 0.056234
15 0.404862 0.827658 0.024212 0.064392
15 0.276934 0.61392 0.025794 0.057104
15 0.8011419999999999 0.555305 0.026622 0.060076
15 0.126267 0.837169 0.026024 0.056364
15 0.958677 0.47423899999999997 0.027112 0.057924
15 0.771434 0.122867 0.026344 0.051718
15 0.498359 0.747641 0.02114 0.047596
15 0.27141 0.39089300000000005 0.022322 0.0479
15 0.52713 0.8594670000000001 0.022162 0.06526
