15 0.617578 0.553472 0.025781 0.062500
15 0.226172 0.179167 0.028906 0.061111
15 0.840234 0.314583 0.027344 0.059722
15 0.276953 0.614583 0.025781 0.056944
15 0.801562 0.555556 0.026562 0.061111
15 0.771484 0.124306 0.025781 0.054167
15 0.958984 0.474306 0.027344 0.056944
15 0.876563 0.491667 0.023438 0.052778
15 0.403906 0.827083 0.021875 0.056944
15 0.498828 0.747222 0.021094 0.047222
15 0.527734 0.861111 0.022656 0.063889
15 0.271484 0.390972 0.022656 0.048611
15 0.298047 0.754861 0.032031 0.051389
15 0.115234 0.853472 0.017969 0.020833
