15 0.617578 0.552778 0.025781 0.063889
15 0.226172 0.179167 0.028906 0.061111
15 0.861719 0.215278 0.028125 0.058333
15 0.801172 0.556250 0.027344 0.059722
15 0.276562 0.614583 0.025000 0.054167
15 0.404687 0.826389 0.029687 0.063889
15 0.771094 0.125000 0.025000 0.052778
15 0.958594 0.472222 0.031250 0.052778
15 0.876953 0.492361 0.024219 0.054167
15 0.351562 0.737500 0.025000 0.058333
15 0.498437 0.747917 0.020313 0.045833
15 0.271484 0.390972 0.022656 0.045833
15 0.527344 0.859722 0.021875 0.063889
15 0.298828 0.751389 0.021094 0.047222
15 0.123828 0.828472 0.024219 0.029167
