15 0.617886 0.553054 0.025814 0.063496
15 0.225968 0.178518 0.02839 0.061474
15 0.29839899999999997 0.7546130000000001 0.025368 0.060774
15 0.40499399999999997 0.8275990000000001 0.024392 0.06458
15 0.27683 0.6139730000000001 0.025796 0.057268
15 0.801188 0.5552640000000001 0.026846 0.06038
15 0.8407 0.32808200000000004 0.026706 0.056332
15 0.126291 0.837139 0.025892 0.05626
15 0.958351 0.47136900000000004 0.0304 0.053282
15 0.876706 0.49093800000000004 0.024032 0.05344
15 0.49842400000000003 0.747436 0.021198 0.047412
15 0.271305 0.390604 0.0221 0.04731
15 0.527189 0.858825 0.022054 0.06489
