15 0.617681 0.552965 0.02576 0.063152
15 0.225988 0.178477 0.028414 0.061612
15 0.29849499999999995 0.75461 0.025372 0.060934
15 0.405032 0.827381 0.024744 0.065574
15 0.27698 0.613869 0.025882 0.0576
15 0.916131 0.7885599999999999 0.028578 0.053184
15 0.801175 0.5554899999999999 0.02657 0.060412
15 0.9584130000000001 0.473923 0.027028 0.058128
15 0.126467 0.837283 0.025884 0.056452
15 0.771269 0.125089 0.025488 0.053376
15 0.498556 0.747535 0.021142 0.047318
15 0.5272899999999999 0.859706 0.022576 0.064684
15 0.271315 0.390754 0.022122 0.047312
