15 0.617753 0.5532889999999999 0.026042 0.063886
15 0.227049 0.181681 0.027996 0.06349
15 0.861827 0.21551199999999998 0.027678 0.058098
15 0.801149 0.555887 0.026842 0.060346
15 0.276572 0.614431 0.02511 0.054784
15 0.404701 0.826166 0.028982 0.062498
15 0.7712030000000001 0.125003 0.02567 0.054186
15 0.351888 0.735507 0.029176 0.060916
15 0.9585 0.471788 0.027938 0.056492
15 0.876622 0.491775 0.024292 0.053772
15 0.498499 0.747667 0.020866 0.046744
15 0.27154 0.391001 0.02215 0.047242
15 0.527195 0.859822 0.021806 0.063362
15 0.298805 0.752897 0.021502 0.048378
