15 0.61771 0.553894 0.026274 0.063848
15 0.22722199999999998 0.18237599999999998 0.028286 0.06386
15 0.115143 0.747261 0.028586 0.055842
15 0.405051 0.82611 0.025464 0.06413
15 0.298878 0.754589 0.02499 0.061262
15 0.8615849999999999 0.216466 0.027534 0.058998
15 0.801373 0.5564739999999999 0.027176 0.061678
15 0.187175 0.401658 0.026248 0.054682
15 0.7710480000000001 0.125056 0.02556 0.05528
15 0.958832 0.472075 0.030718 0.05367
15 0.8765930000000001 0.492432 0.024326 0.053622
15 0.49852 0.748025 0.021586 0.048616
15 0.375685 0.36367299999999997 0.026408 0.059588
15 0.087042 0.836326 0.026554 0.052854
15 0.27183500000000005 0.390837 0.021696 0.046812
15 0.527187 0.859867 0.022346 0.064402
