15 0.617932 0.553515 0.025822 0.06306
15 0.226271 0.178943 0.028306 0.060778
15 0.404967 0.826807 0.025514 0.065852
15 0.29840700000000003 0.754973 0.025274 0.062704
15 0.861888 0.215721 0.027474 0.058432
15 0.338135 0.786971 0.026004 0.057444
15 0.801213 0.555692 0.027002 0.06056
15 0.123306 0.489073 0.02462 0.05407
15 0.7711910000000001 0.124832 0.025746 0.05495
15 0.126479 0.837535 0.025998 0.057272
15 0.958582 0.474135 0.027976 0.057954
15 0.87674 0.491828 0.024298 0.053806
15 0.498345 0.7475900000000001 0.021462 0.048418
15 0.527382 0.8602810000000001 0.023078 0.064974
15 0.271491 0.391065 0.021994 0.046826
