15 0.617738 0.553053 0.025796 0.064066
15 0.226144 0.178977 0.028444 0.060854
15 0.404981 0.825869 0.025462 0.063852
15 0.115105 0.747001 0.027954 0.054796
15 0.298572 0.754513 0.025186 0.061446
15 0.861686 0.215501 0.02779 0.05816
15 0.801157 0.555929 0.027076 0.060502
15 0.771035 0.124607 0.02559 0.053928
15 0.958523 0.47208500000000003 0.03085 0.053706
15 0.876502 0.491678 0.024486 0.053818
15 0.498444 0.747795 0.021374 0.04772
15 0.375505 0.363015 0.026154 0.060118
15 0.188257 0.400333 0.02306 0.052982
15 0.086947 0.835958 0.02588 0.051512
15 0.5272920000000001 0.860166 0.022366 0.06445
15 0.271448 0.390811 0.02187 0.047294
