15 0.6177980000000001 0.553539 0.025972 0.063244
15 0.227339 0.182137 0.028206 0.063392
15 0.11524100000000001 0.747073 0.028568 0.055292
15 0.40504100000000004 0.826057 0.02536 0.06332
15 0.29873099999999997 0.7546350000000001 0.025264 0.061598
15 0.861877 0.215469 0.027734 0.057776
15 0.8014020000000001 0.556377 0.026774 0.059958
15 0.771082 0.124923 0.025806 0.054124
15 0.958946 0.472235 0.030862 0.053346
15 0.187395 0.401675 0.025316 0.052262
15 0.876824 0.491674 0.024278 0.053922
15 0.498579 0.74787 0.021616 0.048604
15 0.375805 0.363458 0.026554 0.059744
15 0.087127 0.836184 0.02662 0.052448
15 0.27176 0.39072399999999996 0.021614 0.047024
15 0.52727 0.859869 0.021962 0.065568
