15 0.617744 0.55318 0.025852 0.063936
15 0.22711499999999998 0.18116900000000002 0.027464 0.063138
15 0.40522600000000003 0.827384 0.024324 0.063762
15 0.298675 0.75408 0.024698 0.061434
15 0.86198 0.21504 0.02759 0.05713
15 0.801342 0.555661 0.026982 0.060908
15 0.122827 0.8458180000000001 0.024704 0.060194
15 0.770961 0.124773 0.025874 0.054768
15 0.958689 0.47179699999999997 0.030994 0.054128
15 0.212639 0.7447090000000001 0.025248 0.053158
15 0.876599 0.491655 0.024334 0.05416
15 0.498448 0.7477539999999999 0.021358 0.047726
15 0.375458 0.363073 0.026338 0.059444
15 0.271358 0.390954 0.022434 0.046988
15 0.527217 0.860284 0.02272 0.066364
