15 0.617749 0.5532 0.026066 0.06339
15 0.225867 0.17835399999999998 0.028268 0.062104
15 0.403969 0.826106 0.029852 0.062542
15 0.298462 0.754669 0.025472 0.061158
15 0.276998 0.6139840000000001 0.025938 0.057676
15 0.6394179999999999 0.828458 0.026876 0.060568
15 0.8010390000000001 0.554932 0.026488 0.059956
15 0.958419 0.474014 0.027272 0.05841
15 0.77121 0.124746 0.025612 0.053762
15 0.126488 0.837092 0.025734 0.05595
15 0.528119 0.860965 0.021534 0.059772
15 0.271426 0.39075 0.022292 0.04736
