15 0.617754 0.552856 0.025792 0.063322
15 0.225987 0.178475 0.0284 0.06162
15 0.2985 0.754602 0.025392 0.060998
15 0.405053 0.827307 0.024688 0.065466
15 0.27699599999999996 0.6138199999999999 0.025902 0.05764
15 0.801199 0.555306 0.026708 0.060344
15 0.958503 0.47366400000000003 0.027126 0.05815
15 0.771235 0.124624 0.025796 0.054308
15 0.126453 0.837355 0.02591 0.056478
15 0.8122199999999999 0.725678 0.026214 0.053954
15 0.498539 0.747503 0.021142 0.047318
15 0.527265 0.8595879999999999 0.022498 0.064466
15 0.271317 0.39074299999999995 0.02211 0.047298
