15 0.61768 0.553463 0.025998 0.06355
15 0.226215 0.179283 0.0286 0.060744
15 0.29863999999999996 0.755029 0.026114 0.064976
15 0.405053 0.82743 0.024952 0.06508
15 0.242489 0.749652 0.03098 0.055516
15 0.861792 0.215642 0.027598 0.0578
15 0.801217 0.556117 0.027132 0.061146
15 0.126 0.837947 0.026288 0.05704
15 0.771016 0.12488500000000001 0.025794 0.054406
15 0.9584919999999999 0.471889 0.030768 0.05357
15 0.876626 0.491693 0.024416 0.054642
15 0.498544 0.747814 0.0215 0.04852
15 0.375531 0.362753 0.026398 0.059528
15 0.271436 0.391249 0.022232 0.047454
15 0.527327 0.8601230000000001 0.02258 0.064958
