15 0.617846 0.553213 0.02591 0.063162
15 0.22600199999999998 0.17840999999999999 0.028452 0.061544
15 0.298407 0.7544150000000001 0.025488 0.061404
15 0.415189 0.16579 0.02642 0.056098
15 0.404954 0.827459 0.024372 0.064306
15 0.276995 0.61409 0.02591 0.057314
15 0.801069 0.554508 0.02648 0.05948
15 0.958348 0.473857 0.027148 0.05838
15 0.7711410000000001 0.124554 0.025646 0.053784
15 0.126452 0.83713 0.025946 0.056766
15 0.498525 0.747604 0.021134 0.047614
15 0.5272720000000001 0.859683 0.02225 0.064868
15 0.27134 0.390627 0.021876 0.04702
