15 0.6177320000000001 0.55309 0.025784 0.063666
15 0.405385 0.827251 0.024352 0.063968
15 0.115032 0.746818 0.028362 0.055004
15 0.29858300000000004 0.754112 0.025232 0.061544
15 0.8619730000000001 0.2151 0.027632 0.057566
15 0.801294 0.555596 0.026902 0.060702
15 0.770895 0.124357 0.025646 0.053614
15 0.958683 0.471844 0.030838 0.053724
15 0.187247 0.401717 0.025426 0.05268
15 0.876463 0.491515 0.024404 0.054188
15 0.498455 0.747525 0.021408 0.048054
15 0.375622 0.363164 0.026016 0.059412
15 0.087061 0.836261 0.026426 0.052376
15 0.527216 0.86027 0.022666 0.065852
15 0.271527 0.39042699999999997 0.021722 0.046402
15 0.228833 0.181944 0.018204 0.054986
