15 0.617734 0.5530879999999999 0.02574 0.063254
15 0.2261 0.178816 0.028312 0.061044
15 0.40513899999999997 0.827284 0.024496 0.065266
15 0.298515 0.754837 0.026014 0.06511
15 0.242417 0.749224 0.031094 0.055898
15 0.861985 0.214884 0.027942 0.057562
15 0.8011969999999999 0.555128 0.0268 0.060026
15 0.771211 0.124168 0.025566 0.053674
15 0.9584440000000001 0.471633 0.030806 0.05366
15 0.876702 0.491431 0.024424 0.054474
15 0.126535 0.837059 0.025622 0.054922
15 0.498543 0.7473230000000001 0.021366 0.048116
15 0.527368 0.8600639999999999 0.023386 0.06547
15 0.37557 0.362712 0.026474 0.059534
15 0.27141000000000004 0.390787 0.022136 0.047266
