15 0.617755 0.553222 0.026086 0.063352
15 0.225875 0.178444 0.028226 0.061838
15 0.404009 0.8260569999999999 0.029846 0.062412
15 0.29846 0.75469 0.025456 0.061142
15 0.276994 0.6139669999999999 0.02595 0.057664
15 0.8010790000000001 0.554912 0.026466 0.059798
15 0.958451 0.47413500000000003 0.027322 0.058578
15 0.639435 0.82832 0.026576 0.05998
15 0.771211 0.12465999999999999 0.025668 0.053756
15 0.126504 0.8370970000000001 0.02572 0.055832
15 0.528033 0.860602 0.021282 0.058906
15 0.271424 0.39075699999999997 0.022286 0.047326
