15 0.617969 0.552778 0.025000 0.063889
15 0.226172 0.178472 0.028906 0.059722
15 0.404687 0.827083 0.025000 0.065278
15 0.298438 0.754861 0.025000 0.062500
15 0.862109 0.215278 0.027344 0.058333
15 0.801172 0.555556 0.027344 0.061111
15 0.336719 0.698611 0.025000 0.055556
15 0.126562 0.837500 0.026562 0.058333
15 0.771484 0.124306 0.025781 0.054167
15 0.958594 0.473611 0.028125 0.058333
15 0.876953 0.491667 0.024219 0.052778
15 0.498437 0.747917 0.021875 0.048611
15 0.527344 0.860417 0.023438 0.065278
15 0.271484 0.390278 0.022656 0.047222
15 0.085938 0.456944 0.035937 0.055556
