15 0.617693 0.553255 0.026032 0.063414
15 0.22589700000000001 0.178631 0.028382 0.061834
15 0.29834299999999997 0.75436 0.025392 0.060816
15 0.404059 0.82621 0.029298 0.06187
15 0.276963 0.614025 0.02583 0.057274
15 0.6380549999999999 0.825739 0.02795 0.058028
15 0.8012279999999999 0.555208 0.026538 0.059962
15 0.958422 0.474042 0.02715 0.058192
15 0.7711790000000001 0.12475 0.025576 0.05421
15 0.126369 0.837232 0.02592 0.056124
15 0.527293 0.859748 0.023274 0.064854
15 0.271267 0.390497 0.022164 0.047466
