15 0.617836 0.553073 0.025754 0.063414
15 0.226015 0.17870899999999998 0.028416 0.061206
15 0.298465 0.754483 0.025318 0.060754
15 0.415196 0.16580799999999998 0.026478 0.0561
15 0.40487100000000004 0.827553 0.024128 0.064174
15 0.276818 0.6140300000000001 0.025706 0.05719
15 0.80105 0.5553830000000001 0.026644 0.060634
15 0.126145 0.8372670000000001 0.02603 0.056496
15 0.771347 0.12493599999999999 0.025716 0.054548
15 0.9585290000000001 0.474291 0.02702 0.058022
15 0.498381 0.747601 0.02114 0.047686
15 0.27141099999999996 0.390881 0.022272 0.047724
15 0.527176 0.859617 0.022262 0.064848
