15 0.617713 0.553068 0.025866 0.062982
15 0.226071 0.178707 0.028646 0.06127
15 0.8408469999999999 0.32972300000000004 0.027996 0.059374
15 0.298417 0.7547309999999999 0.025286 0.060884
15 0.404965 0.827432 0.024416 0.064528
15 0.276731 0.614073 0.025668 0.05724
15 0.801233 0.555164 0.026664 0.060224
15 0.126411 0.837381 0.025818 0.056772
15 0.771269 0.12456999999999999 0.02561 0.053852
15 0.958483 0.473275 0.027102 0.056938
15 0.876783 0.49146300000000004 0.023954 0.052992
15 0.498492 0.747541 0.021046 0.04744
15 0.5272690000000001 0.859732 0.022582 0.065018
15 0.271337 0.390894 0.02212 0.04732
