15 0.6179049999999999 0.553197 0.02565 0.063282
15 0.226984 0.181483 0.027574 0.062418
15 0.405173 0.827173 0.02454 0.065048
15 0.298215 0.754471 0.025632 0.06116
15 0.861951 0.21543299999999999 0.027574 0.058088
15 0.801234 0.555601 0.02698 0.060562
15 0.334639 0.13664099999999998 0.024768 0.05854
15 0.45675699999999997 0.15678 0.025264 0.05934
15 0.7712060000000001 0.12474299999999999 0.025762 0.05497
15 0.958634 0.474167 0.028016 0.057908
15 0.12678799999999998 0.835701 0.025514 0.054952
15 0.876736 0.49169799999999997 0.024254 0.053654
15 0.49843200000000004 0.747785 0.021182 0.048122
15 0.5272549999999999 0.860343 0.022854 0.065094
15 0.271291 0.390551 0.021718 0.046924
