15 0.617684 0.55339 0.025956 0.063574
15 0.405265 0.827475 0.024374 0.063856
15 0.298732 0.7542629999999999 0.024624 0.06018
15 0.8618589999999999 0.215238 0.027572 0.05784
15 0.801126 0.555717 0.02686 0.060448
15 0.770943 0.124918 0.025876 0.054712
15 0.9587410000000001 0.472004 0.030914 0.053964
15 0.108002 0.8368979999999999 0.025284 0.0554
15 0.162499 0.72663 0.02632 0.053632
15 0.876542 0.49191799999999997 0.024378 0.054102
15 0.498411 0.7478370000000001 0.021392 0.047878
15 0.375529 0.362819 0.02573 0.059278
15 0.527149 0.860029 0.022362 0.06609
15 0.271448 0.390934 0.021374 0.044534
15 0.228631 0.181968 0.018262 0.053054
