15 0.617777 0.553289 0.025922 0.063668
15 0.22736399999999998 0.181975 0.02812 0.063572
15 0.115143 0.747475 0.028442 0.05501
15 0.29867499999999997 0.754432 0.025426 0.062118
15 0.404914 0.825638 0.025172 0.06327
15 0.861757 0.215626 0.027658 0.058026
15 0.801319 0.5561189999999999 0.027256 0.061478
15 0.958764 0.472024 0.030724 0.053304
15 0.771092 0.124322 0.02563 0.052948
15 0.187743 0.40093 0.025316 0.052114
15 0.876624 0.49162500000000003 0.02429 0.053374
15 0.498625 0.747593 0.021478 0.048312
15 0.375747 0.36337400000000003 0.026136 0.059192
15 0.087056 0.836295 0.026578 0.052408
15 0.527184 0.859791 0.022356 0.065466
15 0.271638 0.390789 0.02173 0.04645
