15 0.617753 0.5532980000000001 0.026036 0.063922
15 0.226219 0.179028 0.028684 0.0612
15 0.86175 0.215509 0.027582 0.058244
15 0.40476 0.82751 0.023208 0.062438
15 0.801146 0.555998 0.026842 0.060504
15 0.27658499999999997 0.614464 0.025234 0.055132
15 0.351775 0.735455 0.029716 0.062076
15 0.7711439999999999 0.125015 0.025612 0.054092
15 0.958455 0.47173499999999996 0.027936 0.05653
15 0.299119 0.754124 0.023544 0.05561
15 0.8766149999999999 0.491819 0.024298 0.053764
15 0.498536 0.74764 0.020848 0.046746
15 0.271506 0.390986 0.022174 0.047252
15 0.527181 0.8599100000000001 0.022006 0.063878
