15 0.617714 0.552918 0.025706 0.063304
15 0.115118 0.746904 0.02822 0.055234
15 0.405292 0.827321 0.024156 0.063432
15 0.29854600000000003 0.754013 0.025216 0.061528
15 0.8617750000000001 0.214838 0.027762 0.057516
15 0.801246 0.555551 0.026964 0.060502
15 0.225177 0.179202 0.024456 0.060514
15 0.187132 0.400268 0.025308 0.053246
15 0.958623 0.471788 0.030874 0.05364
15 0.770983 0.123884 0.025596 0.053058
15 0.876479 0.491616 0.024582 0.054432
15 0.271785 0.390773 0.02298 0.04735
15 0.37565699999999996 0.363375 0.026338 0.059642
15 0.527387 0.8603890000000001 0.022904 0.064782
15 0.498433 0.747407 0.021234 0.047454
15 0.086858 0.835726 0.026374 0.051868
