15 0.196903 0.429762 0.026796 0.062356
15 0.221606 0.40599799999999997 0.026858 0.058692
15 0.19686299999999998 0.377588 0.025414 0.058048
15 0.757321 0.824138 0.025508 0.060918
15 0.291829 0.475856 0.02922 0.061796
15 0.196509 0.5742740000000001 0.025862 0.056224
15 0.19492500000000001 0.525747 0.025228 0.05515
15 0.267965 0.456297 0.031056 0.062438
15 0.244281 0.52486 0.029244 0.066264
15 0.245264 0.42782600000000004 0.026316 0.064208
15 0.19604500000000002 0.47785 0.027338 0.050496
15 0.24343900000000002 0.47984 0.02572 0.055952
15 0.219855 0.494378 0.026468 0.067342
15 0.267551 0.5001950000000001 0.033026 0.071498
15 0.217879 0.546654 0.028692 0.060992
15 0.22113 0.449898 0.028292 0.04773
15 0.200623 0.511744 0.024512 0.065308
15 0.256972 0.515392 0.032114 0.078586
15 0.231409 0.50638 0.028204 0.074062
15 0.226954 0.46399399999999996 0.030614 0.07029
