15 0.617782 0.552385 0.025552 0.062964
15 0.225954 0.177867 0.028236 0.063
15 0.298207 0.754315 0.025228 0.060716
15 0.276967 0.613215 0.026076 0.058306
15 0.41511200000000004 0.165679 0.026364 0.055542
15 0.8009769999999999 0.554287 0.026668 0.060036
15 0.40442100000000003 0.825779 0.029212 0.063584
15 0.958428 0.473511 0.027156 0.058606
15 0.126459 0.836433 0.025976 0.056462
15 0.771029 0.123693 0.025604 0.053308
15 0.49846 0.746891 0.020848 0.047502
15 0.527179 0.8588290000000001 0.02273 0.065168
15 0.271296 0.39027 0.0224 0.048126
