15 0.1283 0.827453 0.033426 0.061036
15 0.794659 0.708627 0.026246 0.059766
15 0.804555 0.11693 0.026306 0.061756
15 0.59159 0.582958 0.024784 0.059172
15 0.445106 0.776657 0.025604 0.060502
15 0.726718 0.47501499999999997 0.026418 0.058572
15 0.296021 0.7512300000000001 0.023976 0.059142
15 0.40498799999999996 0.825473 0.02543 0.059458
15 0.640219 0.166117 0.024232 0.054212
15 0.226332 0.14723 0.029074 0.062874
15 0.186644 0.40070700000000004 0.02587 0.053868
15 0.8323280000000001 0.48025999999999996 0.023708 0.051302
15 0.369769 0.365246 0.021494 0.050714
15 0.839376 0.119922 0.02962 0.055114
15 0.08497099999999999 0.833581 0.027388 0.052988
15 0.271279 0.390572 0.02137 0.046708
