15 0.196778 0.42977699999999996 0.026936 0.062866
15 0.22151099999999999 0.405838 0.0268 0.058244
15 0.196805 0.37756799999999996 0.025418 0.058364
15 0.757328 0.824198 0.025258 0.0605
15 0.29186700000000004 0.475721 0.029248 0.061978
15 0.196524 0.573944 0.02582 0.055922
15 0.267713 0.45754300000000003 0.028586 0.060652
15 0.19472 0.5253220000000001 0.025412 0.055044
15 0.244262 0.524065 0.030914 0.067992
15 0.245372 0.427889 0.026502 0.064206
15 0.195939 0.477611 0.027352 0.050986
15 0.243572 0.47911499999999996 0.025322 0.055348
15 0.267617 0.500076 0.032858 0.0716
15 0.21975 0.494304 0.02645 0.067238
15 0.217822 0.546381 0.028848 0.061126
15 0.221206 0.450163 0.028326 0.047442
15 0.200499 0.511897 0.026058 0.06588
15 0.257085 0.514882 0.03235 0.079686
15 0.23245 0.506278 0.028076 0.074526
15 0.282359 0.48291900000000004 0.030872 0.068026
15 0.226956 0.46380299999999997 0.031056 0.070394
