15 0.617895 0.553099 0.025914 0.06344
15 0.225965 0.17851799999999998 0.028402 0.061478
15 0.298397 0.7546029999999999 0.025364 0.06076
15 0.84068 0.329133 0.027776 0.058442
15 0.404986 0.827617 0.024386 0.064558
15 0.27683199999999997 0.613969 0.025798 0.057282
15 0.801232 0.555213 0.02692 0.060832
15 0.126284 0.8371519999999999 0.025898 0.05628
15 0.958406 0.471252 0.030222 0.052888
15 0.876676 0.491025 0.024202 0.053704
15 0.49841799999999997 0.7474430000000001 0.02121 0.047414
15 0.271308 0.390607 0.022106 0.04733
15 0.527185 0.8587980000000001 0.022008 0.064818
