15 0.617772 0.5530139999999999 0.025674 0.06333
15 0.226189 0.178759 0.02864 0.061018
15 0.29848399999999997 0.7545379999999999 0.025264 0.060196
15 0.8408329999999999 0.329475 0.02778 0.058934
15 0.405014 0.827442 0.02476 0.06466
15 0.277022 0.6140599999999999 0.025756 0.057262
15 0.801269 0.5552279999999999 0.02656 0.060018
15 0.12626400000000002 0.837585 0.025946 0.05654
15 0.958651 0.473452 0.0273 0.05733
15 0.771181 0.124155 0.025626 0.05326
15 0.876903 0.491189 0.024012 0.05364
15 0.49844700000000003 0.747716 0.021402 0.048184
15 0.527307 0.85988 0.02247 0.064836
15 0.271459 0.390924 0.021988 0.046854
