15 0.61845 0.5581259999999999 0.023484 0.062728
15 0.11555199999999999 0.770117 0.028406 0.060272
15 0.859333 0.207869 0.024882 0.058596
15 0.769579 0.128513 0.025846 0.057648
15 0.572136 0.732654 0.02315 0.05894
15 0.298221 0.757568 0.025306 0.060538
15 0.405046 0.830264 0.025462 0.060898
15 0.908725 0.628852 0.027762 0.058992
15 0.496384 0.7521420000000001 0.022436 0.057368
15 0.22725700000000001 0.185585 0.024724 0.057698
15 0.18751500000000002 0.404571 0.025322 0.052816
15 0.8129369999999999 0.27732399999999996 0.024398 0.054622
15 0.27186 0.39489399999999997 0.023712 0.05216
15 0.08518500000000001 0.838535 0.027712 0.055148
15 0.375217 0.36903699999999995 0.023224 0.052676
15 0.926347 0.49687499999999996 0.023676 0.052124
