15 0.617849 0.552904 0.025744 0.063618
15 0.22612300000000002 0.179263 0.02861 0.060844
15 0.298516 0.75481 0.02591 0.064182
15 0.405041 0.82709 0.02511 0.065506
15 0.243121 0.750414 0.02631 0.05755
15 0.8616240000000001 0.215526 0.02777 0.058218
15 0.801264 0.555782 0.026984 0.060718
15 0.771112 0.125134 0.026098 0.055698
15 0.126323 0.837789 0.02582 0.056738
15 0.9587089999999999 0.47183400000000003 0.030706 0.053602
15 0.876689 0.49170800000000003 0.024078 0.053054
15 0.498407 0.747772 0.021624 0.048734
15 0.375578 0.363205 0.02658 0.059652
15 0.271362 0.391198 0.022564 0.047994
15 0.527302 0.860037 0.022796 0.065428
