15 0.6177499999999999 0.5532809999999999 0.02585 0.063446
15 0.226144 0.178797 0.028542 0.061018
15 0.298531 0.7548050000000001 0.025304 0.061134
15 0.840845 0.329631 0.02785 0.059136
15 0.40454 0.826166 0.025616 0.064056
15 0.27681 0.614155 0.025706 0.057158
15 0.8012079999999999 0.556063 0.026822 0.060556
15 0.126445 0.837384 0.026114 0.057542
15 0.958449 0.471703 0.030652 0.053904
15 0.771132 0.12476999999999999 0.025724 0.053726
15 0.876807 0.491441 0.024108 0.05371
15 0.498414 0.747907 0.021394 0.048632
15 0.271439 0.390965 0.021946 0.046922
15 0.527213 0.8595189999999999 0.02207 0.065106
