15 0.617751 0.552876 0.02569 0.063094
15 0.226169 0.178601 0.02832 0.061074
15 0.242524 0.7497780000000001 0.031518 0.05655
15 0.405206 0.827238 0.024394 0.064826
15 0.298423 0.7546409999999999 0.025988 0.064898
15 0.861977 0.214757 0.027888 0.05741
15 0.801169 0.555277 0.026902 0.060286
15 0.958478 0.473683 0.027856 0.057988
15 0.7712559999999999 0.123788 0.025642 0.053872
15 0.126792 0.836902 0.025828 0.055426
15 0.876652 0.49133400000000005 0.024362 0.054394
15 0.498476 0.747162 0.021404 0.048092
15 0.527418 0.860245 0.023444 0.066016
15 0.27152699999999996 0.39090400000000003 0.022554 0.047556
15 0.37555 0.362852 0.026582 0.059218
