15 0.617707 0.553006 0.02585 0.063
15 0.226049 0.17873 0.028588 0.061248
15 0.840776 0.329769 0.02796 0.059036
15 0.29843200000000003 0.7547280000000001 0.02536 0.06115
15 0.404969 0.8273780000000001 0.02444 0.06448
15 0.276722 0.613985 0.025692 0.05729
15 0.8011739999999999 0.555307 0.026576 0.05988
15 0.126414 0.837262 0.025846 0.056768
15 0.958278 0.47309100000000004 0.027008 0.056714
15 0.7712060000000001 0.124496 0.025468 0.053604
15 0.8767510000000001 0.491352 0.023908 0.052926
15 0.498463 0.74752 0.021104 0.047628
15 0.527285 0.8597440000000001 0.02262 0.065082
15 0.27132599999999996 0.390924 0.022094 0.047204
