15 0.617806 0.553514 0.02596 0.06331
15 0.22734000000000001 0.182138 0.02821 0.063392
15 0.11523499999999999 0.747079 0.02863 0.055314
15 0.405039 0.82604 0.025362 0.06332
15 0.298727 0.75464 0.025266 0.061602
15 0.861891 0.21548599999999998 0.027656 0.057828
15 0.801397 0.556407 0.026802 0.060072
15 0.771076 0.124939 0.025628 0.053948
15 0.958911 0.472248 0.030854 0.05325
15 0.187393 0.401684 0.025318 0.052256
15 0.876833 0.491738 0.024244 0.0539
15 0.498582 0.747868 0.021618 0.048652
15 0.375813 0.363457 0.026576 0.05975
15 0.087102 0.836145 0.026608 0.052492
15 0.271769 0.390692 0.021608 0.046924
15 0.52727 0.8598899999999999 0.02199 0.065632
