15 0.617735 0.5530930000000001 0.025782 0.063662
15 0.40537999999999996 0.827211 0.024504 0.06396
15 0.115027 0.7469520000000001 0.028484 0.05525
15 0.298639 0.754188 0.02534 0.06192
15 0.861942 0.21511699999999997 0.027592 0.057536
15 0.801291 0.555599 0.026916 0.060692
15 0.770869 0.124437 0.025746 0.054012
15 0.9586910000000001 0.471882 0.030842 0.053788
15 0.8764620000000001 0.491614 0.024418 0.054256
15 0.187199 0.402672 0.024428 0.049908
15 0.49848000000000003 0.7475189999999999 0.021476 0.048258
15 0.375601 0.36284099999999997 0.026336 0.059534
15 0.087004 0.836353 0.026662 0.052586
15 0.228706 0.180035 0.017698 0.049928
15 0.5271950000000001 0.860347 0.022604 0.065788
15 0.271454 0.390543 0.021798 0.045522
