15 0.617825 0.553269 0.026108 0.063756
15 0.226295 0.179153 0.028594 0.060388
15 0.11507899999999999 0.747116 0.028462 0.055332
15 0.298682 0.754243 0.025248 0.061704
15 0.861857 0.21596300000000002 0.027714 0.058812
15 0.405213 0.8274 0.023744 0.0622
15 0.8012900000000001 0.555843 0.027028 0.060492
15 0.18726600000000002 0.40163 0.025652 0.052906
15 0.770986 0.124279 0.025602 0.05361
15 0.9587249999999999 0.472094 0.030724 0.05344
15 0.8765000000000001 0.491575 0.024278 0.053734
15 0.49866499999999997 0.747553 0.02145 0.0481
15 0.375819 0.363473 0.026638 0.059932
15 0.086983 0.836294 0.026322 0.052152
15 0.527258 0.860333 0.022184 0.065336
15 0.27174400000000004 0.390426 0.02175 0.047256
