15 0.617684 0.553294 0.026054 0.063364
15 0.225903 0.178605 0.028376 0.061858
15 0.29834099999999997 0.754358 0.025404 0.060814
15 0.404061 0.826226 0.029312 0.06183
15 0.276967 0.614028 0.025838 0.057294
15 0.801215 0.555232 0.026584 0.060018
15 0.6352639999999999 0.829714 0.02389 0.055942
15 0.958399 0.47398399999999996 0.027166 0.058352
15 0.771203 0.124757 0.025628 0.054314
15 0.126391 0.837275 0.02589 0.055978
15 0.5272760000000001 0.859653 0.023198 0.064916
15 0.27126399999999995 0.390504 0.022156 0.047444
