15 0.617687 0.5528820000000001 0.025656 0.063222
15 0.22613000000000003 0.178911 0.028332 0.060558
15 0.115194 0.746974 0.028206 0.05525
15 0.298509 0.7542139999999999 0.025256 0.061756
15 0.405317 0.8272930000000001 0.024134 0.063544
15 0.861804 0.214933 0.027776 0.057638
15 0.801249 0.555655 0.026938 0.060216
15 0.958615 0.471903 0.030846 0.053878
15 0.18708999999999998 0.401375 0.025906 0.05346
15 0.770997 0.12415 0.025336 0.052672
15 0.876487 0.49156500000000003 0.024622 0.054386
15 0.498471 0.747478 0.021338 0.047972
15 0.527451 0.860392 0.023004 0.064928
15 0.375521 0.363105 0.02631 0.060004
15 0.086942 0.83578 0.026312 0.051686
15 0.271649 0.39043100000000003 0.022056 0.047802
