15 0.6177140000000001 0.552075 0.025578 0.063676
15 0.114945 0.7463919999999999 0.028366 0.055596
15 0.298423 0.753122 0.025138 0.060844
15 0.404636 0.8259129999999999 0.02869 0.063292
15 0.8622850000000001 0.21393099999999998 0.027972 0.056486
15 0.801122 0.554318 0.026684 0.05952
15 0.7709269999999999 0.123033 0.025464 0.052546
15 0.958585 0.473507 0.027994 0.057578
15 0.187085 0.40158699999999997 0.025608 0.052778
15 0.8765200000000001 0.491215 0.024326 0.053824
15 0.527286 0.859307 0.023234 0.063646
15 0.498591 0.7466729999999999 0.021042 0.047378
15 0.086817 0.835252 0.0266 0.052198
15 0.375081 0.36283 0.0209 0.04942
15 0.271487 0.389195 0.021304 0.046048
15 0.228279 0.17730200000000002 0.016338 0.048468
