15 0.6178509999999999 0.553406 0.026174 0.064068
15 0.227199 0.18188200000000002 0.028046 0.063228
15 0.115038 0.747138 0.028518 0.055472
15 0.298656 0.7543000000000001 0.02526 0.061716
15 0.8618319999999999 0.21598499999999998 0.027672 0.058768
15 0.40492100000000003 0.825989 0.024934 0.062222
15 0.801259 0.55599 0.027088 0.061064
15 0.187212 0.401616 0.025518 0.052584
15 0.7710130000000001 0.12443099999999999 0.025598 0.053852
15 0.958783 0.474183 0.027724 0.057614
15 0.8764580000000001 0.491904 0.024186 0.053274
15 0.49864 0.747569 0.021456 0.048056
15 0.37576400000000004 0.36351999999999995 0.026634 0.059888
15 0.08696699999999999 0.8363269999999999 0.026438 0.052244
15 0.527231 0.860305 0.022302 0.064844
15 0.27171 0.39052600000000004 0.021732 0.047104
