15 0.6178440000000001 0.553372 0.026034 0.063598
15 0.298594 0.7548870000000001 0.02605 0.06438
15 0.404756 0.825861 0.02594 0.065002
15 0.22709500000000002 0.182121 0.02799 0.063322
15 0.243107 0.750491 0.026252 0.057536
15 0.861635 0.215979 0.027922 0.058936
15 0.801381 0.555897 0.027128 0.061338
15 0.7712749999999999 0.12531 0.025982 0.05601
15 0.126278 0.838038 0.026 0.05728
15 0.9587180000000001 0.471712 0.030628 0.05332
15 0.498374 0.748143 0.021654 0.048998
15 0.876684 0.49173900000000004 0.024056 0.052954
15 0.375579 0.363169 0.026388 0.059442
15 0.271335 0.391133 0.02244 0.047866
15 0.527277 0.859988 0.022646 0.065218
