15 0.6177379999999999 0.553329 0.026104 0.063844
15 0.22621 0.179029 0.028638 0.061174
15 0.861746 0.215439 0.027578 0.058162
15 0.27654 0.614428 0.025224 0.055022
15 0.8011459999999999 0.5559040000000001 0.026784 0.060086
15 0.404731 0.826183 0.029042 0.063094
15 0.771113 0.124993 0.025576 0.054156
15 0.958653 0.474455 0.027842 0.057328
15 0.351302 0.738715 0.02658 0.060564
15 0.8766 0.49178700000000003 0.024326 0.053988
15 0.49847199999999997 0.747583 0.020798 0.046548
15 0.271493 0.390938 0.022138 0.047378
15 0.5272 0.859713 0.021662 0.063222
15 0.298793 0.751233 0.0204 0.046958
