15 0.19695500000000002 0.430052 0.026714 0.061636
15 0.221548 0.4059 0.026736 0.05769
15 0.19675 0.377488 0.025386 0.058894
15 0.756907 0.824161 0.025632 0.06091
15 0.291765 0.476138 0.028988 0.06118
15 0.19624699999999998 0.574229 0.025678 0.056254
15 0.26795599999999997 0.45741600000000004 0.02848 0.061448
15 0.19478 0.525662 0.02539 0.055556
15 0.244474 0.524751 0.029008 0.066418
15 0.24536799999999998 0.42827000000000004 0.026232 0.063988
15 0.243565 0.47932400000000003 0.025902 0.055342
15 0.195997 0.477773 0.027298 0.051008
15 0.22019 0.495323 0.026478 0.066196
15 0.26765900000000004 0.500643 0.032768 0.072922
15 0.221678 0.45109 0.028742 0.047746
15 0.21779500000000002 0.54669 0.028542 0.06094
15 0.200371 0.512539 0.025268 0.065656
15 0.257514 0.515256 0.031906 0.078842
15 0.230943 0.506303 0.028194 0.074992
15 0.22786499999999998 0.46459399999999995 0.026682 0.07439
