15 0.617747 0.553262 0.025832 0.063496
15 0.226169 0.178867 0.028534 0.06081
15 0.840845 0.32962800000000003 0.027882 0.059204
15 0.298538 0.754825 0.02529 0.061134
15 0.404517 0.826103 0.025618 0.064156
15 0.276818 0.614163 0.025656 0.057078
15 0.801206 0.556087 0.026802 0.060516
15 0.126349 0.837379 0.026074 0.057576
15 0.958423 0.47176100000000004 0.030586 0.053826
15 0.771103 0.12485500000000001 0.025752 0.053652
15 0.876816 0.49140300000000003 0.02408 0.053632
15 0.49841599999999997 0.747886 0.021392 0.04865
15 0.271447 0.390954 0.02194 0.04693
15 0.52717 0.859436 0.021932 0.065278
