15 0.617697 0.553024 0.025884 0.063018
15 0.226047 0.178677 0.028616 0.06123
15 0.8408509999999999 0.329753 0.028004 0.05935
15 0.298456 0.754704 0.025364 0.06111
15 0.404986 0.827444 0.024456 0.064336
15 0.276739 0.613983 0.025728 0.057348
15 0.801175 0.555171 0.02654 0.05971
15 0.12640400000000002 0.8372269999999999 0.02586 0.056692
15 0.77128 0.124557 0.025558 0.053828
15 0.9584699999999999 0.473185 0.0271 0.056944
15 0.8768 0.491449 0.023914 0.052842
15 0.498505 0.747598 0.021118 0.04771
15 0.5272629999999999 0.8597469999999999 0.022614 0.064976
15 0.271332 0.390955 0.022112 0.04724
