15 0.617733 0.5533119999999999 0.025804 0.063586
15 0.405214 0.827371 0.024516 0.064138
15 0.114921 0.747104 0.0286 0.055206
15 0.298667 0.754335 0.025352 0.061626
15 0.861844 0.215388 0.027652 0.057908
15 0.8012900000000001 0.5560339999999999 0.026998 0.06076
15 0.958695 0.47219900000000004 0.030854 0.053764
15 0.7708780000000001 0.1251 0.025606 0.05393
15 0.18732600000000002 0.401768 0.025112 0.051672
15 0.876701 0.491577 0.024238 0.053816
15 0.4985 0.747698 0.021436 0.048092
15 0.37570600000000004 0.36312 0.026182 0.059168
15 0.086854 0.836577 0.026766 0.052726
15 0.228682 0.18001699999999998 0.017546 0.049762
15 0.271688 0.39035899999999996 0.021312 0.046078
15 0.5270720000000001 0.859896 0.022064 0.065382
