15 0.6177010000000001 0.553019 0.025878 0.063026
15 0.22602699999999998 0.178711 0.028564 0.061294
15 0.8408359999999999 0.32972399999999996 0.028004 0.059136
15 0.298431 0.754737 0.025368 0.06118
15 0.404976 0.8273820000000001 0.024484 0.064572
15 0.276741 0.613969 0.02573 0.05737
15 0.801181 0.555207 0.026508 0.059704
15 0.126476 0.837224 0.025854 0.056756
15 0.771217 0.124529 0.025528 0.053862
15 0.958476 0.473047 0.027002 0.056844
15 0.876803 0.491362 0.023874 0.052764
15 0.498506 0.747531 0.021064 0.047534
15 0.527285 0.859778 0.022628 0.065018
15 0.271332 0.390955 0.022096 0.047214
