15 0.6177729999999999 0.553428 0.026004 0.06428
15 0.227256 0.182107 0.02821 0.063652
15 0.115116 0.747136 0.02846 0.055518
15 0.405058 0.825959 0.025512 0.063954
15 0.29872299999999996 0.7545339999999999 0.025106 0.061348
15 0.861876 0.216097 0.027358 0.05836
15 0.801245 0.5563210000000001 0.027368 0.062224
15 0.18728899999999998 0.401622 0.026018 0.053932
15 0.771107 0.124554 0.025774 0.05437
15 0.9601310000000001 0.46900600000000003 0.032858 0.054752
15 0.876352 0.492079 0.02438 0.053766
15 0.498431 0.7477670000000001 0.021358 0.048456
15 0.375717 0.363671 0.026694 0.059948
15 0.08705600000000001 0.836504 0.02648 0.052618
15 0.5272560000000001 0.859574 0.022542 0.063688
15 0.27173 0.3908 0.021428 0.046646
