15 0.617771 0.553018 0.025674 0.063336
15 0.226193 0.17875799999999997 0.028654 0.061028
15 0.298488 0.754542 0.025264 0.06023
15 0.840833 0.329497 0.027838 0.05904
15 0.405022 0.827436 0.024764 0.06466
15 0.277023 0.614062 0.02576 0.057278
15 0.801278 0.555256 0.026602 0.060088
15 0.12626800000000002 0.837584 0.025946 0.056594
15 0.958566 0.471255 0.030248 0.053094
15 0.771215 0.124204 0.025554 0.053202
15 0.8768739999999999 0.49119599999999997 0.024006 0.053472
15 0.498448 0.747714 0.021396 0.04818
15 0.5273089999999999 0.859888 0.022482 0.064836
15 0.271488 0.390915 0.02208 0.046958
