15 0.19711599999999999 0.430097 0.026864 0.062266
15 0.221585 0.40565100000000004 0.026664 0.057316
15 0.19691599999999998 0.377647 0.025398 0.058678
15 0.757023 0.823969 0.025526 0.061132
15 0.29185 0.476068 0.029108 0.060926
15 0.196416 0.574107 0.025632 0.056216
15 0.26794599999999996 0.456988 0.028662 0.06067
15 0.244478 0.524234 0.03095 0.067468
15 0.194713 0.525054 0.025308 0.055672
15 0.24547000000000002 0.42795 0.026394 0.064366
15 0.24371900000000002 0.479196 0.025948 0.05601
15 0.26765 0.500259 0.032776 0.072774
15 0.19603800000000002 0.477526 0.027262 0.050664
15 0.22016 0.49390999999999996 0.026854 0.068078
15 0.221719 0.451119 0.028864 0.047952
15 0.217893 0.546389 0.028748 0.061114
15 0.200063 0.5116850000000001 0.024644 0.065788
15 0.28241499999999997 0.48314999999999997 0.030314 0.068808
15 0.25748 0.514886 0.03212 0.079574
15 0.232233 0.506529 0.028138 0.076282
15 0.227855 0.46484000000000003 0.027354 0.076586
