15 0.617811 0.553269 0.026086 0.063668
15 0.22630699999999998 0.17916300000000002 0.028512 0.060254
15 0.11508299999999999 0.7470559999999999 0.02852 0.055176
15 0.298717 0.7543110000000001 0.025364 0.061986
15 0.404901 0.825822 0.02497 0.062306
15 0.861915 0.215599 0.027594 0.058228
15 0.8013199999999999 0.555836 0.026854 0.060196
15 0.18728299999999998 0.40149799999999997 0.025616 0.05307
15 0.771038 0.124195 0.025642 0.053544
15 0.9587709999999999 0.471971 0.030598 0.053114
15 0.876653 0.49148200000000003 0.02421 0.053706
15 0.498649 0.747575 0.021456 0.048098
15 0.375834 0.363443 0.02655 0.059786
15 0.08707500000000001 0.83627 0.026324 0.052122
15 0.527241 0.860186 0.022162 0.065294
15 0.27179099999999995 0.390406 0.02165 0.047132
