15 0.219901 0.302649 0.027616 0.053086
15 0.753601 0.709698 0.02756 0.061952
15 0.766246 0.150049 0.0281 0.062006
15 0.26773399999999997 0.7806120000000001 0.025744 0.058564
15 0.16320099999999998 0.39005300000000004 0.027898 0.056424
15 0.3045 0.425419 0.027202 0.05755
15 0.508504 0.439665 0.02556 0.059388
15 0.355632 0.759111 0.024822 0.06034
15 0.243575 0.423239 0.026718 0.0595
15 0.110042 0.7082379999999999 0.027564 0.055548
15 0.435807 0.530958 0.027006 0.062004
15 0.488515 0.30664 0.0242 0.056694
15 0.390677 0.8437800000000001 0.0203 0.060658
15 0.248859 0.664571 0.023418 0.051442
15 0.27180000000000004 0.395887 0.028402 0.059334
15 0.290875 0.836482 0.022578 0.048752
