15 0.6177480000000001 0.553293 0.026024 0.06386
15 0.226104 0.179013 0.028462 0.061458
15 0.861783 0.21543 0.027658 0.05825
15 0.801096 0.555913 0.026778 0.060214
15 0.27656000000000003 0.61428 0.025124 0.054618
15 0.40472400000000003 0.8261310000000001 0.029078 0.063242
15 0.7711530000000001 0.124991 0.025616 0.054124
15 0.95849 0.471709 0.02798 0.05647
15 0.876621 0.49188499999999996 0.024328 0.05397
15 0.35138800000000003 0.737756 0.025506 0.058924
15 0.498471 0.747667 0.020838 0.046636
15 0.271534 0.391015 0.022096 0.047136
15 0.5272209999999999 0.859781 0.021682 0.063132
15 0.298746 0.7517769999999999 0.02108 0.047602
