15 0.617772 0.553441 0.026006 0.064258
15 0.22721200000000003 0.182081 0.028168 0.063612
15 0.11512 0.747132 0.02847 0.055558
15 0.40503799999999995 0.825922 0.025592 0.064168
15 0.29871299999999995 0.75454 0.025094 0.061254
15 0.861886 0.216154 0.027398 0.058478
15 0.801142 0.556342 0.027464 0.062234
15 0.187276 0.40171 0.025984 0.053776
15 0.7710870000000001 0.12465100000000001 0.025754 0.054242
15 0.957488 0.46690299999999996 0.026222 0.05695
15 0.876352 0.49215600000000004 0.02434 0.053776
15 0.498439 0.7478349999999999 0.021358 0.04849
15 0.37570099999999995 0.363688 0.0267 0.06
15 0.087074 0.836545 0.026452 0.052632
15 0.5272519999999999 0.859552 0.022522 0.06371
15 0.271729 0.390798 0.021416 0.046636
