15 0.617834 0.553051 0.02579 0.063404
15 0.225916 0.17862699999999998 0.028352 0.061698
15 0.298434 0.7544379999999999 0.025304 0.061032
15 0.415183 0.165721 0.02649 0.056228
15 0.404822 0.827714 0.024084 0.064212
15 0.27684000000000003 0.613904 0.025614 0.056836
15 0.8012060000000001 0.5552940000000001 0.026774 0.060774
15 0.958583 0.474189 0.027208 0.058382
15 0.126449 0.8371449999999999 0.025862 0.055732
15 0.770995 0.12441100000000001 0.025962 0.053038
15 0.498318 0.747595 0.021084 0.047718
15 0.271453 0.390857 0.022292 0.048016
15 0.5271939999999999 0.859521 0.022292 0.065192
