15 0.617696 0.552966 0.02567 0.06335
15 0.227288 0.18124 0.026418 0.060122
15 0.11510300000000001 0.7469330000000001 0.028266 0.055484
15 0.405335 0.827206 0.024324 0.063876
15 0.298497 0.754385 0.025302 0.061944
15 0.861781 0.215384 0.027786 0.058178
15 0.801189 0.555795 0.02699 0.060162
15 0.187379 0.400012 0.0257 0.053844
15 0.958547 0.471906 0.03089 0.053966
15 0.771026 0.124182 0.025288 0.052732
15 0.8765189999999999 0.491597 0.02453 0.053966
15 0.49848 0.7477010000000001 0.02138 0.047938
15 0.527466 0.860656 0.022964 0.06471
15 0.271486 0.39087799999999995 0.022532 0.047738
15 0.375436 0.363537 0.025998 0.059322
15 0.08687399999999999 0.835951 0.026444 0.052244
