15 0.213455 0.5085 0.027364 0.060432
15 0.342325 0.43765400000000004 0.024516 0.05649
15 0.185103 0.12428700000000001 0.02614 0.055712
15 0.307398 0.616392 0.02634 0.059692
15 0.41547900000000004 0.27189399999999997 0.025476 0.060576
15 0.305177 0.46061399999999997 0.028562 0.059004
15 0.304604 0.254363 0.0251 0.056882
15 0.170892 0.72795 0.029026 0.067888
15 0.45210900000000004 0.405249 0.027414 0.060092
15 0.32874 0.495584 0.024322 0.061562
15 0.233654 0.5509729999999999 0.029616 0.062828
15 0.11740300000000001 0.41487300000000005 0.024176 0.049286
15 0.207086 0.578843 0.022688 0.061024
15 0.15784299999999998 0.787459 0.022736 0.052684
15 0.25436600000000004 0.44816300000000003 0.026968 0.059884
15 0.148643 0.591204 0.023878 0.050924
15 0.33274 0.477024 0.024118 0.068024
15 0.226841 0.538887 0.026692 0.067298
