15 0.617753 0.5528029999999999 0.025708 0.06385
15 0.226054 0.17893799999999999 0.02837 0.061088
15 0.11507300000000001 0.746989 0.028202 0.05524
15 0.29852599999999996 0.754408 0.02528 0.06202
15 0.40537500000000004 0.827117 0.024294 0.063702
15 0.861892 0.215074 0.02769 0.057648
15 0.801181 0.555632 0.026758 0.059572
15 0.18728 0.401617 0.026034 0.053824
15 0.9586950000000001 0.471963 0.030866 0.053458
15 0.770979 0.123967 0.025266 0.052194
15 0.876524 0.491388 0.024564 0.053894
15 0.49860699999999997 0.747548 0.021458 0.048268
15 0.375639 0.36308100000000004 0.026572 0.060046
15 0.086989 0.836041 0.026258 0.052136
15 0.527404 0.860251 0.022804 0.064958
15 0.271604 0.390344 0.022012 0.04781
