15 0.617736 0.553327 0.026176 0.06322
15 0.22613699999999998 0.17897 0.028502 0.060786
15 0.840664 0.329581 0.027768 0.058776
15 0.298316 0.754576 0.025166 0.06109
15 0.40516800000000003 0.8274079999999999 0.02439 0.064844
15 0.276863 0.614079 0.0258 0.057406
15 0.801214 0.5556209999999999 0.026772 0.06018
15 0.771196 0.124748 0.02599 0.055268
15 0.126498 0.837209 0.025978 0.057176
15 0.958705 0.473797 0.027252 0.05672
15 0.876759 0.491408 0.023834 0.052374
15 0.498382 0.747928 0.021562 0.047908
15 0.527356 0.860105 0.02261 0.064024
15 0.271438 0.39123600000000003 0.022144 0.047054
