15 0.617833 0.55304 0.025792 0.063426
15 0.225884 0.178516 0.028304 0.062008
15 0.29838200000000004 0.754335 0.025306 0.060662
15 0.415195 0.16568 0.02647 0.056284
15 0.40481599999999995 0.827727 0.02394 0.063946
15 0.276863 0.613947 0.025668 0.056812
15 0.801179 0.555277 0.026726 0.060616
15 0.958576 0.474174 0.027178 0.05828
15 0.126304 0.836867 0.025946 0.056006
15 0.771052 0.124605 0.02602 0.053358
15 0.498334 0.7475069999999999 0.021064 0.047572
15 0.271451 0.39083500000000004 0.022218 0.047834
15 0.5271870000000001 0.8595600000000001 0.02228 0.06516
