15 0.617766 0.552986 0.025808 0.06371
15 0.226368 0.178831 0.028546 0.060436
15 0.115067 0.7470589999999999 0.02818 0.054914
15 0.298619 0.7544299999999999 0.025254 0.061956
15 0.40522800000000003 0.827216 0.023996 0.063588
15 0.86188 0.215115 0.027766 0.05793
15 0.801252 0.5556570000000001 0.027004 0.060756
15 0.187269 0.401733 0.025706 0.052956
15 0.771068 0.12417 0.025738 0.053224
15 0.9586709999999999 0.471738 0.030768 0.053488
15 0.876714 0.491516 0.024228 0.05364
15 0.49859299999999995 0.747302 0.021376 0.048064
15 0.37568500000000005 0.36324 0.026186 0.059292
15 0.087049 0.836214 0.026364 0.05244
15 0.52735 0.860313 0.02298 0.06515
15 0.271644 0.390628 0.021838 0.047064
