15 0.61777 0.553304 0.025862 0.063604
15 0.227128 0.18204800000000002 0.028026 0.06329
15 0.115118 0.74713 0.028598 0.05551
15 0.29860000000000003 0.754583 0.02527 0.061746
15 0.405009 0.825924 0.02542 0.063548
15 0.8617630000000001 0.215528 0.027646 0.057656
15 0.8012750000000001 0.556241 0.026836 0.060236
15 0.7710049999999999 0.12485399999999999 0.025782 0.054388
15 0.187333 0.401698 0.025496 0.052602
15 0.958688 0.47214 0.030706 0.053134
15 0.876807 0.491696 0.024152 0.053726
15 0.49855000000000005 0.747919 0.021646 0.048826
15 0.37568 0.363327 0.026482 0.059924
15 0.087085 0.836318 0.02662 0.052676
15 0.271702 0.390897 0.021822 0.047064
15 0.527305 0.8602179999999999 0.022376 0.06516
