15 0.19703500000000002 0.430144 0.026832 0.062146
15 0.221564 0.405665 0.026714 0.05735
15 0.196972 0.377778 0.025488 0.05893
15 0.7570709999999999 0.824041 0.02565 0.061458
15 0.291773 0.476282 0.029064 0.060766
15 0.19638 0.574287 0.02573 0.056072
15 0.267897 0.45703699999999997 0.028732 0.060792
15 0.194748 0.525292 0.025248 0.055774
15 0.244369 0.524361 0.02936 0.066866
15 0.24543099999999998 0.427866 0.026412 0.064324
15 0.24360700000000002 0.47981 0.026336 0.05639
15 0.267652 0.500259 0.032884 0.072796
15 0.196019 0.477533 0.027322 0.050928
15 0.220206 0.49491 0.026698 0.066762
15 0.217869 0.546618 0.02871 0.061352
15 0.22165300000000002 0.45115900000000003 0.028822 0.048166
15 0.200314 0.512338 0.025904 0.066208
15 0.282619 0.48317 0.030178 0.068768
15 0.257546 0.514972 0.032066 0.07941
15 0.231106 0.506149 0.02866 0.075868
15 0.227928 0.465069 0.027076 0.075952
