15 0.6177480000000001 0.553305 0.026032 0.06386
15 0.22621100000000002 0.179019 0.02866 0.061192
15 0.8617459999999999 0.21550399999999997 0.027602 0.058256
15 0.801149 0.555994 0.026848 0.06051
15 0.276547 0.6144470000000001 0.02516 0.054996
15 0.404702 0.826091 0.029044 0.063034
15 0.771143 0.125021 0.025614 0.054076
15 0.958406 0.471878 0.027982 0.056524
15 0.35136999999999996 0.7380909999999999 0.02594 0.059888
15 0.87661 0.491881 0.02433 0.053898
15 0.49847899999999995 0.747619 0.020824 0.04658
15 0.271494 0.390986 0.022128 0.04719
15 0.527214 0.8597290000000001 0.02168 0.063166
15 0.29865400000000003 0.7517199999999999 0.020992 0.047362
