15 0.6177860000000001 0.553396 0.026018 0.06376
15 0.227158 0.181827 0.028172 0.063876
15 0.115247 0.746942 0.028558 0.055872
15 0.405095 0.8257680000000001 0.025332 0.06428
15 0.298846 0.7543789999999999 0.025194 0.061948
15 0.861824 0.21571800000000002 0.027682 0.058256
15 0.8012469999999999 0.555824 0.027094 0.061408
15 0.18731899999999999 0.40141000000000004 0.026024 0.054104
15 0.771138 0.124512 0.025652 0.054426
15 0.95879 0.472067 0.030778 0.053718
15 0.876551 0.492207 0.024452 0.05433
15 0.498607 0.747634 0.021482 0.048344
15 0.37574599999999997 0.363419 0.026384 0.059982
15 0.087166 0.836006 0.026502 0.052526
15 0.271889 0.390454 0.021664 0.046764
15 0.527195 0.859599 0.022324 0.064418
