15 0.6177699999999999 0.553028 0.025672 0.063318
15 0.226192 0.17873999999999998 0.02868 0.061092
15 0.840861 0.329536 0.027884 0.059092
15 0.298543 0.754529 0.025308 0.06026
15 0.405016 0.8274400000000001 0.024782 0.06465
15 0.277031 0.6140369999999999 0.025796 0.057416
15 0.8012670000000001 0.55526 0.026612 0.060154
15 0.126225 0.837606 0.026022 0.056684
15 0.958692 0.473392 0.0272 0.057102
15 0.771232 0.124219 0.02555 0.053226
15 0.8768809999999999 0.491216 0.024004 0.053524
15 0.49845 0.74771 0.021396 0.04819
15 0.527344 0.8600099999999999 0.02264 0.064852
15 0.271479 0.390917 0.022082 0.046956
