15 0.6177029999999999 0.552902 0.025756 0.063174
15 0.225966 0.178404 0.02845 0.061688
15 0.298497 0.754609 0.025382 0.06104
15 0.405042 0.827332 0.024652 0.065518
15 0.276911 0.613885 0.025804 0.057326
15 0.8011429999999999 0.555493 0.026652 0.059948
15 0.840744 0.32875299999999996 0.02624 0.055426
15 0.126436 0.837375 0.025876 0.056494
15 0.958354 0.473435 0.02762 0.05727
15 0.876878 0.49135799999999996 0.02367 0.05241
15 0.498567 0.74752 0.021076 0.047232
15 0.527278 0.859637 0.022558 0.064548
15 0.271315 0.39074800000000004 0.022088 0.047274
15 0.769911 0.12257 0.021892 0.05263
