15 0.6176440000000001 0.553261 0.026034 0.06314
15 0.8409749999999999 0.28912899999999997 0.028962 0.062214
15 0.22616 0.178944 0.02863 0.061374
15 0.298319 0.7550680000000001 0.025004 0.059652
15 0.276955 0.614452 0.02562 0.056442
15 0.8012239999999999 0.555558 0.02673 0.059936
15 0.771235 0.124587 0.025768 0.054246
15 0.9586749999999999 0.473792 0.027226 0.056342
15 0.40451899999999996 0.824366 0.023508 0.059906
15 0.8765409999999999 0.491359 0.02361 0.051732
15 0.498418 0.747662 0.021278 0.047798
15 0.271451 0.391009 0.022134 0.047284
15 0.527334 0.8598399999999999 0.022152 0.063292
