15 0.617714 0.552984 0.025868 0.06301
15 0.226026 0.178806 0.028576 0.06137
15 0.840777 0.32976 0.02796 0.059028
15 0.298432 0.754725 0.025362 0.061146
15 0.40497 0.8273780000000001 0.02445 0.064478
15 0.276723 0.613974 0.025702 0.05729
15 0.80117 0.555322 0.02658 0.059904
15 0.126416 0.8372409999999999 0.025834 0.056782
15 0.958245 0.473017 0.027018 0.056864
15 0.771276 0.124405 0.02544 0.053652
15 0.876734 0.491371 0.023894 0.052856
15 0.498461 0.747524 0.021102 0.04762
15 0.527238 0.859666 0.022614 0.065012
15 0.271326 0.390925 0.022104 0.047228
