15 0.617786 0.553473 0.02603 0.063188
15 0.227266 0.18207199999999998 0.028156 0.06348
15 0.11522199999999999 0.747074 0.028658 0.055492
15 0.298734 0.754603 0.025278 0.061674
15 0.405007 0.826024 0.025354 0.063348
15 0.861854 0.21548399999999998 0.027668 0.057822
15 0.8013830000000001 0.5563600000000001 0.026804 0.06
15 0.771073 0.12493499999999999 0.025632 0.053936
15 0.9587629999999999 0.47227399999999997 0.030822 0.053314
15 0.187364 0.401698 0.025392 0.052418
15 0.876837 0.491726 0.02422 0.05384
15 0.498568 0.7478940000000001 0.021646 0.048686
15 0.375678 0.363521 0.026548 0.059838
15 0.087104 0.836161 0.026626 0.052556
15 0.27173200000000003 0.390758 0.021726 0.047122
15 0.527274 0.859896 0.022024 0.065636
