15 0.6178830000000001 0.552817 0.0255 0.062968
15 0.225904 0.178477 0.0283 0.06252
15 0.415242 0.165999 0.026534 0.056628
15 0.298523 0.7544789999999999 0.025386 0.060898
15 0.40492500000000003 0.827545 0.024522 0.064782
15 0.276822 0.61405 0.025796 0.057388
15 0.801083 0.5551309999999999 0.026704 0.060962
15 0.958471 0.47421399999999997 0.027302 0.058816
15 0.771369 0.124238 0.025556 0.0546
15 0.126463 0.836864 0.026016 0.056316
15 0.498585 0.747445 0.021366 0.047878
15 0.52741 0.860043 0.023072 0.06471
15 0.271403 0.390482 0.022018 0.04743
