15 0.617853 0.552508 0.025386 0.064058
15 0.226176 0.178919 0.02851 0.061906
15 0.11515600000000001 0.7470060000000001 0.028348 0.055616
15 0.405343 0.827333 0.024284 0.064022
15 0.29857799999999995 0.754146 0.025052 0.061104
15 0.8619490000000001 0.21513300000000002 0.027362 0.057692
15 0.801067 0.5554600000000001 0.027008 0.060926
15 0.187235 0.401752 0.02611 0.054224
15 0.958511 0.473806 0.027796 0.058722
15 0.7709 0.12385800000000001 0.025724 0.0536
15 0.876328 0.491427 0.02455 0.054786
15 0.498393 0.747589 0.021322 0.047998
15 0.5274220000000001 0.8598060000000001 0.023192 0.063916
15 0.37568199999999996 0.36331800000000003 0.026774 0.060262
15 0.087039 0.835902 0.026102 0.05224
15 0.271708 0.39062800000000003 0.02178 0.046988
