15 0.617782 0.5530470000000001 0.025714 0.063212
15 0.2262 0.178739 0.028648 0.06106
15 0.840863 0.32953400000000005 0.027854 0.05905
15 0.298539 0.754533 0.02531 0.060282
15 0.40501200000000004 0.827434 0.024784 0.064676
15 0.277027 0.614087 0.025802 0.057442
15 0.801291 0.5552199999999999 0.026598 0.060064
15 0.126254 0.8376340000000001 0.025994 0.056604
15 0.9587249999999999 0.47121 0.03032 0.053188
15 0.771238 0.124218 0.025556 0.053316
15 0.876916 0.49123300000000003 0.023978 0.053274
15 0.498466 0.747621 0.02134 0.04803
15 0.527354 0.860019 0.022662 0.064876
15 0.271487 0.390929 0.022088 0.046984
