15 0.19714600000000002 0.430003 0.026764 0.061952
15 0.22164099999999998 0.405846 0.026844 0.05775
15 0.196921 0.377745 0.025496 0.05852
15 0.7570220000000001 0.823654 0.025632 0.061426
15 0.291827 0.476244 0.028972 0.060678
15 0.196247 0.574614 0.025588 0.0564
15 0.267874 0.45741499999999996 0.028558 0.061086
15 0.19491899999999998 0.525683 0.025234 0.055846
15 0.244471 0.524933 0.02902 0.065806
15 0.245347 0.428226 0.026382 0.064672
15 0.243608 0.479981 0.026008 0.05607
15 0.196169 0.478249 0.027484 0.050848
15 0.267633 0.500454 0.032796 0.0726
15 0.22020800000000001 0.494806 0.026652 0.067284
15 0.22148500000000002 0.45111500000000004 0.02877 0.048054
15 0.217769 0.5466730000000001 0.028456 0.061406
15 0.200897 0.511683 0.024076 0.064496
15 0.28226999999999997 0.483381 0.030068 0.068032
15 0.257337 0.515255 0.031834 0.07812
15 0.229973 0.506187 0.02853 0.074784
15 0.227675 0.46542 0.026736 0.075358
