15 0.617769 0.5530280000000001 0.025674 0.063314
15 0.226181 0.178737 0.028682 0.061234
15 0.29854499999999995 0.754535 0.02531 0.060288
15 0.840824 0.32948299999999997 0.02779 0.058958
15 0.405016 0.827438 0.02479 0.064686
15 0.277014 0.614036 0.02576 0.05725
15 0.801272 0.555272 0.0266 0.060142
15 0.126226 0.83758 0.026034 0.056754
15 0.958577 0.473362 0.027252 0.057248
15 0.771226 0.124221 0.025536 0.053212
15 0.876874 0.491221 0.024002 0.053494
15 0.498454 0.747706 0.021394 0.048208
15 0.527351 0.860011 0.022656 0.06486
15 0.27148799999999995 0.390901 0.022094 0.046976
