15 0.617587 0.5532819999999999 0.025978 0.062916
15 0.226151 0.178876 0.028648 0.061232
15 0.298354 0.754672 0.025162 0.05944
15 0.276743 0.614306 0.02563 0.05641
15 0.861929 0.215358 0.026868 0.0572
15 0.8012199999999999 0.555595 0.026838 0.05995
15 0.958702 0.474056 0.027578 0.056716
15 0.771112 0.124405 0.025518 0.053338
15 0.8120109999999999 0.268094 0.025402 0.053588
15 0.876481 0.491092 0.023796 0.051882
15 0.498388 0.747515 0.021442 0.047412
15 0.527311 0.8602690000000001 0.022618 0.063034
15 0.27144999999999997 0.391009 0.02223 0.047466
15 0.40653700000000004 0.8227460000000001 0.020082 0.060912
