15 0.617754 0.5528970000000001 0.025786 0.063336
15 0.225988 0.178473 0.028398 0.06162
15 0.816701 0.735775 0.027472 0.057798
15 0.2985 0.754602 0.025394 0.061004
15 0.405052 0.827307 0.024694 0.065482
15 0.27699599999999996 0.613821 0.025902 0.05764
15 0.8011940000000001 0.555461 0.026636 0.060558
15 0.958491 0.473674 0.027078 0.058172
15 0.771238 0.12462300000000001 0.025792 0.054272
15 0.126454 0.8373339999999999 0.025906 0.05649
15 0.498537 0.747522 0.021144 0.04732
15 0.527286 0.8597279999999999 0.022616 0.064552
15 0.27131500000000003 0.390745 0.022112 0.0473
