15 0.6178 0.553326 0.026052 0.062994
15 0.225992 0.178591 0.02844 0.061584
15 0.40408299999999997 0.826435 0.029632 0.062068
15 0.298445 0.754344 0.02537 0.061004
15 0.276953 0.614234 0.025858 0.05734
15 0.41525700000000004 0.16628500000000002 0.025912 0.054514
15 0.80121 0.5547949999999999 0.026788 0.060566
15 0.958428 0.47402500000000003 0.027086 0.058092
15 0.771116 0.12482900000000001 0.025762 0.054626
15 0.126378 0.8374969999999999 0.025892 0.056762
15 0.49835500000000005 0.74773 0.021136 0.047496
15 0.271262 0.39061700000000005 0.021904 0.046896
15 0.52729 0.8597 0.02208 0.06498
