15 0.617578 0.552778 0.025781 0.063889
15 0.226172 0.179167 0.028906 0.061111
15 0.404687 0.827778 0.023438 0.063889
15 0.861719 0.215278 0.028125 0.058333
15 0.276562 0.613889 0.025000 0.055556
15 0.298438 0.754861 0.025000 0.059722
15 0.801172 0.556250 0.027344 0.059722
15 0.350781 0.736806 0.026562 0.062500
15 0.771094 0.125000 0.025000 0.052778
15 0.958594 0.471528 0.028125 0.056944
15 0.876953 0.491667 0.024219 0.052778
15 0.498828 0.747222 0.021094 0.047222
15 0.271484 0.390972 0.022656 0.048611
15 0.527344 0.859722 0.021875 0.063889
15 0.127344 0.827083 0.035937 0.031944
