15 0.617848 0.5529029999999999 0.025742 0.063632
15 0.226136 0.179269 0.028594 0.060744
15 0.29852599999999996 0.754834 0.02592 0.064112
15 0.405054 0.8270419999999999 0.02507 0.065516
15 0.243109 0.7504620000000001 0.026286 0.057606
15 0.861608 0.215564 0.02777 0.058278
15 0.801266 0.555787 0.026982 0.060732
15 0.771125 0.12511 0.02612 0.055706
15 0.12625999999999998 0.837911 0.02584 0.056906
15 0.958659 0.471775 0.03068 0.053614
15 0.8766700000000001 0.491715 0.02407 0.053066
15 0.498412 0.747783 0.02163 0.04877
15 0.375546 0.363221 0.026594 0.05972
15 0.27130000000000004 0.39116100000000004 0.022468 0.047838
15 0.5273100000000001 0.860094 0.022842 0.065484
