15 0.617776 0.553148 0.025828 0.06376
15 0.226119 0.17906 0.028514 0.061204
15 0.8617309999999999 0.215466 0.02754 0.05767
15 0.404787 0.827568 0.023418 0.061766
15 0.801136 0.5558719999999999 0.027134 0.060954
15 0.276548 0.614307 0.025188 0.055366
15 0.351704 0.735657 0.029364 0.060868
15 0.958511 0.471849 0.030678 0.053694
15 0.7709990000000001 0.124784 0.02574 0.05413
15 0.8765620000000001 0.491573 0.024404 0.054582
15 0.299154 0.7533230000000001 0.022666 0.053568
15 0.498489 0.747507 0.02113 0.047576
15 0.271319 0.391154 0.022438 0.04747
15 0.5272159999999999 0.859561 0.021788 0.063422
