15 0.617685 0.553314 0.026046 0.0633
15 0.227027 0.18208400000000002 0.02798 0.063354
15 0.404482 0.826414 0.02625 0.066218
15 0.298774 0.7547229999999999 0.025386 0.06178
15 0.276638 0.6139680000000001 0.025842 0.05797
15 0.861692 0.216031 0.02765 0.058958
15 0.801177 0.556338 0.027372 0.061884
15 0.350871 0.735861 0.026466 0.062876
15 0.771048 0.125323 0.02595 0.055666
15 0.12622 0.8378080000000001 0.026148 0.057222
15 0.9587 0.474361 0.02778 0.057858
15 0.8765270000000001 0.49196500000000004 0.024264 0.053598
15 0.498575 0.747912 0.02142 0.048136
15 0.271385 0.39132500000000003 0.022488 0.047958
15 0.527223 0.859711 0.022416 0.064536
