15 0.617733 0.553205 0.025968 0.063432
15 0.225889 0.178662 0.028356 0.061992
15 0.29835 0.754386 0.025444 0.060872
15 0.40407 0.826307 0.029312 0.06172
15 0.276966 0.613932 0.025834 0.057128
15 0.638444 0.8267450000000001 0.024432 0.056294
15 0.801214 0.5552400000000001 0.026556 0.059908
15 0.958527 0.47394899999999995 0.027306 0.058614
15 0.126466 0.8371090000000001 0.02596 0.056272
15 0.771169 0.12467400000000001 0.025548 0.054036
15 0.5272789999999999 0.859755 0.023334 0.064936
15 0.271303 0.390542 0.022244 0.047676
