15 0.617695 0.553323 0.026044 0.063352
15 0.227066 0.181999 0.027978 0.063288
15 0.40449 0.826411 0.02624 0.066202
15 0.298757 0.754727 0.025358 0.061666
15 0.276619 0.614025 0.025782 0.057784
15 0.861652 0.216137 0.027644 0.058886
15 0.801187 0.55629 0.02738 0.061842
15 0.35123 0.7346220000000001 0.029698 0.064334
15 0.7710480000000001 0.125328 0.025948 0.055678
15 0.126232 0.837756 0.026226 0.057562
15 0.9586539999999999 0.47426199999999996 0.02781 0.057966
15 0.876517 0.491919 0.024292 0.053654
15 0.498579 0.747911 0.021414 0.04813
15 0.271399 0.391303 0.022474 0.04803
15 0.5272560000000001 0.8597600000000001 0.022496 0.064386
