15 0.792795 0.162946 0.027266 0.060176
15 0.22106 0.287584 0.025908 0.061312
15 0.44362700000000005 0.532835 0.022808 0.05819
15 0.359804 0.772458 0.027854 0.0625
15 0.309869 0.421396 0.026398 0.05421
15 0.524679 0.44232 0.022058 0.056694
15 0.23795 0.421461 0.02891 0.057178
15 0.108854 0.717029 0.02842 0.057468
15 0.16160400000000003 0.411391 0.02678 0.057054
15 0.772062 0.677516 0.026024 0.059216
15 0.28346499999999997 0.749159 0.02513 0.06039
15 0.250253 0.671143 0.02323 0.056504
15 0.503607 0.29609599999999997 0.021982 0.055526
15 0.410712 0.836739 0.02203 0.051448
15 0.271499 0.39382900000000004 0.027156 0.055776
15 0.298816 0.8308760000000001 0.02315 0.05112
