15 0.61772 0.5531429999999999 0.02586 0.06398
15 0.22627399999999998 0.179097 0.028558 0.060848
15 0.405108 0.8272660000000001 0.024838 0.064758
15 0.232645 0.750319 0.025618 0.057386
15 0.29857500000000003 0.754122 0.025688 0.063048
15 0.8619169999999999 0.21520499999999998 0.027626 0.057704
15 0.801297 0.555666 0.02696 0.060866
15 0.770965 0.12482 0.025886 0.054876
15 0.958751 0.471836 0.030996 0.054094
15 0.1267 0.8373 0.025868 0.056192
15 0.876586 0.49167 0.024368 0.054226
15 0.498462 0.747809 0.021602 0.048204
15 0.375461 0.3632 0.02665 0.05983
15 0.27142999999999995 0.39128199999999996 0.02226 0.047136
15 0.527255 0.860474 0.023012 0.0667
