15 0.61775 0.553208 0.02607 0.063376
15 0.225873 0.17835199999999998 0.028282 0.062156
15 0.403976 0.826048 0.029792 0.062756
15 0.29847399999999996 0.754654 0.025446 0.061036
15 0.276997 0.6139779999999999 0.025948 0.057656
15 0.8010419999999999 0.554965 0.02646 0.059922
15 0.958357 0.47392199999999995 0.027374 0.058846
15 0.6394340000000001 0.828359 0.026628 0.060144
15 0.771207 0.124648 0.025702 0.053806
15 0.1265 0.837094 0.025762 0.056016
15 0.528021 0.8605940000000001 0.021256 0.058836
15 0.271426 0.390752 0.022306 0.047342
