15 0.6179570000000001 0.553186 0.025608 0.063348
15 0.226217 0.178874 0.028398 0.06019
15 0.40506800000000004 0.827229 0.024958 0.065746
15 0.298447 0.753827 0.02547 0.062524
15 0.861946 0.21543400000000001 0.027594 0.058132
15 0.801254 0.555734 0.027052 0.060762
15 0.334057 0.327677 0.028848 0.06381
15 0.771188 0.124517 0.02573 0.054488
15 0.958651 0.474178 0.027994 0.057964
15 0.126835 0.836369 0.025954 0.056028
15 0.327414 0.25441400000000003 0.024814 0.058812
15 0.87674 0.491703 0.024268 0.053686
15 0.498308 0.747652 0.02135 0.048362
15 0.5272979999999999 0.860387 0.023016 0.065414
15 0.271226 0.390941 0.021432 0.046202
