15 0.617834 0.553018 0.02578 0.063618
15 0.22617500000000001 0.1792 0.028422 0.060724
15 0.298588 0.754857 0.02598 0.06442
15 0.404802 0.825762 0.02591 0.065164
15 0.243114 0.7504219999999999 0.026268 0.057408
15 0.861813 0.215515 0.027808 0.057972
15 0.801349 0.555783 0.026996 0.060772
15 0.77127 0.12534900000000002 0.026032 0.055972
15 0.126293 0.8378509999999999 0.025894 0.057114
15 0.9586939999999999 0.471692 0.030614 0.053302
15 0.876691 0.491731 0.02405 0.052952
15 0.498413 0.7477739999999999 0.02157 0.048846
15 0.37556 0.363288 0.026456 0.05952
15 0.527377 0.860244 0.022916 0.065126
15 0.27138 0.391141 0.022528 0.047856
