15 0.617729 0.552822 0.025752 0.063302
15 0.22596699999999997 0.17840499999999998 0.028446 0.061694
15 0.298497 0.75461 0.025382 0.061034
15 0.40504199999999996 0.827337 0.024654 0.065526
15 0.276911 0.613888 0.025804 0.057318
15 0.8011469999999999 0.555485 0.026748 0.060258
15 0.840611 0.33039 0.026572 0.05608
15 0.9583430000000001 0.47133200000000003 0.030542 0.05339
15 0.126448 0.83735 0.02587 0.056494
15 0.876791 0.491418 0.023806 0.052748
15 0.498562 0.74752 0.02107 0.047238
15 0.527273 0.859624 0.022556 0.06457
15 0.271313 0.390748 0.02209 0.047264
15 0.769873 0.122756 0.021508 0.053382
