15 0.617758 0.5531619999999999 0.025962 0.063024
15 0.225896 0.17832599999999998 0.028308 0.062138
15 0.29835999999999996 0.7544909999999999 0.025588 0.061324
15 0.40407 0.825958 0.02965 0.06313
15 0.277012 0.6139439999999999 0.025926 0.05771
15 0.639352 0.828508 0.026752 0.059976
15 0.800988 0.554478 0.026396 0.059436
15 0.958476 0.473962 0.027132 0.057956
15 0.126414 0.836947 0.02599 0.056672
15 0.771076 0.12451100000000001 0.025726 0.053774
15 0.528872 0.861472 0.025438 0.06796
15 0.271206 0.39053200000000005 0.022212 0.047286
