15 0.617763 0.553505 0.02602 0.063282
15 0.22729100000000002 0.182188 0.028226 0.06343
15 0.115167 0.7470370000000001 0.02865 0.055436
15 0.405008 0.825982 0.025384 0.063476
15 0.298735 0.754599 0.025276 0.061668
15 0.861826 0.215448 0.027638 0.057692
15 0.801326 0.556343 0.026826 0.06026
15 0.771 0.124935 0.025688 0.05387
15 0.958781 0.472218 0.030796 0.053444
15 0.187358 0.401617 0.025438 0.052544
15 0.8768 0.491722 0.024194 0.053862
15 0.49856999999999996 0.747888 0.021654 0.048696
15 0.375677 0.3635 0.026546 0.059824
15 0.08712400000000001 0.836218 0.026616 0.052552
15 0.271685 0.39078799999999997 0.0217 0.046916
15 0.5272640000000001 0.8597859999999999 0.02201 0.065492
