15 0.617698 0.553022 0.02588 0.063018
15 0.226024 0.178729 0.028632 0.061158
15 0.840818 0.329798 0.02806 0.059286
15 0.29843800000000004 0.7547200000000001 0.025356 0.061142
15 0.40499 0.827384 0.02446 0.064508
15 0.276744 0.6139779999999999 0.025732 0.057362
15 0.801172 0.5551729999999999 0.026542 0.059724
15 0.12640500000000002 0.837348 0.02578 0.056566
15 0.771269 0.124559 0.025566 0.05379
15 0.958422 0.47318499999999997 0.027106 0.056966
15 0.87679 0.491387 0.023946 0.052972
15 0.49850500000000003 0.747564 0.021112 0.047648
15 0.527259 0.859724 0.022602 0.065066
15 0.271335 0.390953 0.022112 0.047248
