15 0.617724 0.5532400000000001 0.026 0.063522
15 0.225866 0.17865399999999998 0.028368 0.061928
15 0.29835300000000003 0.7543179999999999 0.025418 0.060776
15 0.40405 0.826238 0.029348 0.061886
15 0.27696899999999997 0.614012 0.025844 0.05735
15 0.638364 0.8268580000000001 0.024488 0.05628
15 0.801129 0.555219 0.026486 0.059654
15 0.958466 0.473977 0.027312 0.058688
15 0.771162 0.124776 0.025466 0.054044
15 0.126457 0.837259 0.025908 0.05602
15 0.527279 0.859722 0.023344 0.064942
15 0.271277 0.390532 0.022208 0.04757
