15 0.617703 0.553022 0.025884 0.063024
15 0.22602499999999998 0.178725 0.028562 0.061228
15 0.840828 0.329784 0.028038 0.059288
15 0.29842599999999997 0.754759 0.025354 0.061148
15 0.404964 0.827442 0.024488 0.064274
15 0.276744 0.613973 0.02573 0.057358
15 0.801206 0.555226 0.026576 0.059876
15 0.126406 0.837321 0.025858 0.056836
15 0.7712150000000001 0.124532 0.025524 0.053854
15 0.958449 0.473224 0.02713 0.057036
15 0.876781 0.491381 0.023946 0.052934
15 0.498506 0.747571 0.0211 0.047648
15 0.5272939999999999 0.859854 0.022662 0.064834
15 0.271331 0.390953 0.022102 0.047224
