15 0.225944 0.178396 0.028384 0.061964
15 0.298391 0.754358 0.025606 0.061272
15 0.404058 0.8262050000000001 0.029458 0.061776
15 0.276998 0.613823 0.025974 0.057824
15 0.126329 0.8369730000000001 0.025884 0.056162
15 0.771047 0.12479199999999999 0.025446 0.054018
15 0.701747 0.316474 0.02316 0.053588
15 0.8014789999999999 0.554772 0.02426 0.053102
15 0.958535 0.47348999999999997 0.027882 0.057348
15 0.527724 0.860543 0.020012 0.055218
15 0.27137500000000003 0.39058200000000004 0.022294 0.04734
