15 0.617833 0.5532600000000001 0.02583 0.062866
15 0.225961 0.178801 0.028324 0.061416
15 0.41934 0.158262 0.024728 0.063792
15 0.298345 0.754494 0.02534 0.060794
15 0.404858 0.827616 0.024662 0.064896
15 0.27681 0.6140979999999999 0.025796 0.057424
15 0.801077 0.555168 0.026758 0.061148
15 0.9583790000000001 0.47404300000000005 0.027284 0.05888
15 0.771199 0.124337 0.025486 0.054472
15 0.126224 0.837327 0.025876 0.056238
15 0.498492 0.747517 0.021278 0.047734
15 0.5274030000000001 0.860314 0.023152 0.065008
15 0.271302 0.390431 0.021944 0.047202
