15 0.617732 0.552821 0.025736 0.063316
15 0.225992 0.17851 0.028414 0.06147
15 0.298496 0.754595 0.025376 0.061048
15 0.405053 0.827351 0.024618 0.065492
15 0.276918 0.613894 0.025806 0.05733
15 0.80115 0.555498 0.026646 0.06006
15 0.8406809999999999 0.33026700000000003 0.026212 0.05505
15 0.958311 0.47129 0.030502 0.053314
15 0.126458 0.8373569999999999 0.025898 0.05659
15 0.876845 0.491464 0.023636 0.05237
15 0.498567 0.747521 0.021084 0.047306
15 0.52728 0.859615 0.022538 0.064568
15 0.271316 0.39075000000000004 0.022096 0.047278
15 0.769884 0.12266300000000001 0.021518 0.053126
