15 0.6176950000000001 0.5532590000000001 0.026034 0.063406
15 0.225916 0.178584 0.028368 0.061892
15 0.298346 0.7543580000000001 0.025398 0.060836
15 0.40406000000000003 0.82621 0.029302 0.061876
15 0.276963 0.614029 0.02583 0.057274
15 0.638454 0.8267340000000001 0.024382 0.056186
15 0.801228 0.555207 0.026526 0.059916
15 0.9584199999999999 0.474031 0.027124 0.058136
15 0.7711870000000001 0.124727 0.025592 0.054236
15 0.126363 0.837234 0.025906 0.056082
15 0.527289 0.859737 0.02326 0.06483
15 0.271267 0.390496 0.022172 0.04747
