15 0.6176940000000001 0.553264 0.02604 0.063408
15 0.22589700000000001 0.17862999999999998 0.028378 0.061826
15 0.298344 0.754355 0.025402 0.06082
15 0.404061 0.8262160000000001 0.029302 0.06187
15 0.27695800000000004 0.6140270000000001 0.02583 0.057268
15 0.8012260000000001 0.5551929999999999 0.02652 0.05992
15 0.637251 0.826808 0.027882 0.058864
15 0.9584210000000001 0.47401 0.02716 0.05828
15 0.771204 0.124747 0.025612 0.054276
15 0.126403 0.8372350000000001 0.025928 0.056186
15 0.527281 0.8597 0.023216 0.064788
15 0.271268 0.390502 0.02215 0.04744
