15 0.6179060000000001 0.553021 0.025802 0.063548
15 0.225966 0.17851699999999998 0.0284 0.061484
15 0.29839400000000005 0.754608 0.025368 0.060754
15 0.404985 0.827616 0.024386 0.064552
15 0.27683 0.61397 0.0258 0.05728
15 0.8011889999999999 0.555303 0.026808 0.060368
15 0.840766 0.329073 0.026298 0.054552
15 0.126286 0.83714 0.025894 0.056256
15 0.958396 0.47137599999999996 0.030404 0.053236
15 0.876686 0.491072 0.024 0.053432
15 0.498424 0.747443 0.021192 0.047428
15 0.271309 0.390602 0.022108 0.047322
15 0.527187 0.858843 0.022068 0.064892
15 0.769704 0.122529 0.021478 0.052668
