15 0.617908 0.553001 0.025806 0.063626
15 0.225951 0.178523 0.02838 0.061476
15 0.298409 0.7546520000000001 0.025366 0.060882
15 0.404994 0.8276370000000001 0.02441 0.064588
15 0.27683199999999997 0.613974 0.025798 0.057284
15 0.840621 0.329868 0.026986 0.05654
15 0.801177 0.5552199999999999 0.026856 0.060498
15 0.9584250000000001 0.47135200000000005 0.030496 0.053444
15 0.12631 0.837181 0.025922 0.056404
15 0.8766390000000001 0.49091500000000005 0.024002 0.053448
15 0.498414 0.747445 0.021182 0.047436
15 0.271303 0.390595 0.022112 0.047346
15 0.527187 0.858867 0.022084 0.064932
15 0.769618 0.1232 0.022844 0.055556
