15 0.617754 0.552801 0.025708 0.063854
15 0.226052 0.178955 0.02838 0.061066
15 0.115081 0.746992 0.028218 0.05528
15 0.29852799999999996 0.7544019999999999 0.025276 0.062034
15 0.40537300000000004 0.827116 0.02429 0.063702
15 0.861893 0.21507300000000001 0.027692 0.057644
15 0.801181 0.555634 0.026758 0.059566
15 0.18728999999999998 0.40161199999999997 0.026026 0.053796
15 0.958697 0.47196299999999997 0.03087 0.05346
15 0.770979 0.12396700000000001 0.025266 0.05221
15 0.876528 0.491384 0.024568 0.05391
15 0.498605 0.747541 0.021456 0.048252
15 0.375639 0.363089 0.026576 0.060046
15 0.527404 0.860251 0.022804 0.064958
15 0.086989 0.83605 0.026254 0.052122
15 0.271608 0.390347 0.022012 0.047822
