15 0.6177349999999999 0.553331 0.026174 0.06322
15 0.22614 0.17898599999999998 0.028526 0.060818
15 0.840663 0.329555 0.02774 0.058734
15 0.298374 0.75461 0.025164 0.06088
15 0.405199 0.827358 0.024312 0.064756
15 0.276825 0.614102 0.025772 0.057328
15 0.8012630000000001 0.555589 0.026752 0.060188
15 0.771209 0.124655 0.02599 0.055386
15 0.12655 0.8370920000000001 0.02597 0.056982
15 0.958578 0.47143399999999996 0.030254 0.053012
15 0.87679 0.491425 0.023782 0.0522
15 0.498394 0.747913 0.021544 0.047852
15 0.527414 0.860158 0.022734 0.063938
15 0.27142299999999997 0.391267 0.022196 0.047094
