15 0.617733 0.5533750000000001 0.025928 0.063366
15 0.115076 0.746897 0.028172 0.055164
15 0.405288 0.827415 0.024438 0.063404
15 0.29857 0.754243 0.025046 0.061124
15 0.861712 0.215251 0.027736 0.05824
15 0.801269 0.5559580000000001 0.027322 0.061258
15 0.187189 0.400238 0.025514 0.053298
15 0.95867 0.472028 0.030994 0.053988
15 0.770896 0.12466100000000001 0.025514 0.054012
15 0.876518 0.491755 0.024576 0.054254
15 0.228192 0.181755 0.025748 0.056666
15 0.498392 0.747739 0.021316 0.048048
15 0.527461 0.86095 0.023048 0.064646
15 0.271448 0.390491 0.022228 0.047894
15 0.37557799999999997 0.36267 0.025932 0.059476
15 0.086945 0.835801 0.026222 0.051652
