15 0.617751 0.553292 0.026018 0.063942
15 0.22620600000000002 0.179045 0.028712 0.061186
15 0.40479000000000004 0.827523 0.023734 0.06303
15 0.861749 0.215508 0.02758 0.058248
15 0.276605 0.614379 0.025484 0.055664
15 0.298732 0.754808 0.024916 0.059728
15 0.801145 0.555997 0.026838 0.060492
15 0.35054500000000005 0.7364050000000001 0.026472 0.062124
15 0.771144 0.12501600000000002 0.025614 0.054094
15 0.958432 0.471732 0.027918 0.056476
15 0.8766130000000001 0.491818 0.024288 0.053738
15 0.49855799999999995 0.7477010000000001 0.021036 0.047152
15 0.271515 0.391055 0.022258 0.04748
15 0.527222 0.860057 0.022328 0.064012
