15 0.617858 0.5532560000000001 0.02586 0.062966
15 0.22595600000000002 0.178822 0.028324 0.061238
15 0.298344 0.754518 0.025326 0.060788
15 0.404866 0.8276140000000001 0.024698 0.064936
15 0.27676900000000004 0.614235 0.02568 0.057078
15 0.801066 0.5551579999999999 0.02676 0.06117
15 0.958345 0.47394400000000003 0.027316 0.058976
15 0.422631 0.153522 0.024322 0.05577
15 0.771191 0.124323 0.025506 0.054448
15 0.126273 0.8373269999999999 0.025926 0.056414
15 0.49849699999999997 0.747518 0.02128 0.047738
15 0.527304 0.860271 0.023056 0.06496
15 0.271296 0.390413 0.02194 0.047174
