15 0.225944 0.17838700000000002 0.028386 0.061966
15 0.29839 0.7543569999999999 0.025604 0.061262
15 0.404059 0.826206 0.029456 0.061784
15 0.27699500000000005 0.6138210000000001 0.02597 0.057824
15 0.126325 0.836973 0.025882 0.056166
15 0.771111 0.124753 0.025472 0.053896
15 0.70177 0.31647400000000003 0.02335 0.053852
15 0.801406 0.5549689999999999 0.024524 0.053826
15 0.9586429999999999 0.473474 0.028274 0.05901
15 0.527715 0.8605980000000001 0.020022 0.055198
15 0.271374 0.390584 0.022292 0.04733
