15 0.225981 0.178387 0.028352 0.061814
15 0.298392 0.754357 0.025598 0.061306
15 0.40405800000000003 0.8262189999999999 0.029424 0.061802
15 0.276976 0.613871 0.02592 0.057714
15 0.126351 0.83695 0.025868 0.056198
15 0.7710279999999999 0.12478800000000001 0.025472 0.053992
15 0.701801 0.31637899999999997 0.023384 0.053896
15 0.9586279999999999 0.473725 0.028058 0.058558
15 0.8015 0.554745 0.023946 0.0523
15 0.527735 0.86058 0.019942 0.055026
15 0.27137700000000003 0.39058800000000005 0.022286 0.04734
