15 0.617874 0.552843 0.02552 0.063008
15 0.225913 0.178687 0.028278 0.061838
15 0.415192 0.166059 0.026456 0.056448
15 0.298479 0.7545599999999999 0.025336 0.060836
15 0.40487599999999996 0.827663 0.024612 0.064896
15 0.27673200000000003 0.614187 0.025796 0.057382
15 0.801168 0.554932 0.026678 0.060656
15 0.958496 0.47428499999999996 0.02731 0.058626
15 0.771377 0.12424299999999999 0.02572 0.054832
15 0.12647999999999998 0.8369519999999999 0.02595 0.05625
15 0.498533 0.747516 0.021482 0.048212
15 0.5273559999999999 0.859911 0.022878 0.06487
15 0.271345 0.390541 0.021984 0.047304
