15 0.617609 0.553199 0.026046 0.06321
15 0.22616399999999998 0.17891400000000002 0.028618 0.061176
15 0.404615 0.827733 0.023504 0.062264
15 0.861777 0.215674 0.02742 0.058128
15 0.801199 0.55572 0.02689 0.060124
15 0.276725 0.6144620000000001 0.02516 0.05522
15 0.351699 0.735686 0.02921 0.060624
15 0.771175 0.124609 0.025578 0.053314
15 0.958659 0.474064 0.027624 0.056794
15 0.876579 0.491614 0.023908 0.052516
15 0.498464 0.747352 0.021112 0.04724
15 0.299023 0.7534529999999999 0.022292 0.052428
15 0.527297 0.8601219999999999 0.022432 0.062892
15 0.271438 0.391023 0.022282 0.047334
