15 0.114344 0.751724 0.028246 0.058684
15 0.617241 0.555222 0.023898 0.065374
15 0.556963 0.775756 0.023494 0.061794
15 0.29859600000000003 0.755239 0.025746 0.061138
15 0.40504399999999996 0.827438 0.025866 0.062986
15 0.874359 0.605583 0.027942 0.057624
15 0.227164 0.1827 0.028258 0.06432
15 0.861913 0.21410400000000002 0.027136 0.05502
15 0.7708339999999999 0.125887 0.025394 0.055054
15 0.18728999999999998 0.401788 0.025124 0.05235
15 0.086459 0.836857 0.027388 0.051906
15 0.49930199999999997 0.746474 0.023342 0.05084
15 0.375607 0.36419 0.026228 0.0582
15 0.27194399999999996 0.391711 0.02135 0.047496
15 0.903531 0.494814 0.021054 0.047628
15 0.905543 0.495656 0.03599 0.075762
