15 0.19697 0.430464 0.026632 0.06143
15 0.22153699999999998 0.406245 0.026966 0.059292
15 0.19705599999999998 0.378477 0.02551 0.0573
15 0.757263 0.82529 0.025312 0.060462
15 0.195311 0.526961 0.025446 0.056082
15 0.26794300000000004 0.458847 0.030568 0.064372
15 0.292209 0.476221 0.02861 0.062568
15 0.195933 0.575782 0.025878 0.055782
15 0.2442 0.525239 0.02904 0.06676
15 0.245067 0.428774 0.025916 0.062884
15 0.24342 0.48067 0.02641 0.057192
15 0.19585999999999998 0.47999400000000003 0.027622 0.050444
15 0.220123 0.496286 0.026662 0.067638
15 0.26772399999999996 0.50224 0.03297 0.07359
15 0.28385099999999996 0.467131 0.029014 0.082322
15 0.217403 0.546696 0.028004 0.059848
15 0.224429 0.44522799999999996 0.025404 0.054062
15 0.20116799999999999 0.512435 0.025238 0.065092
15 0.257421 0.516823 0.032448 0.08101
15 0.228584 0.506752 0.029688 0.072494
15 0.228236 0.465434 0.026798 0.074104
