15 0.617769 0.553026 0.025674 0.063318
15 0.226171 0.178718 0.028656 0.06117
15 0.29850299999999996 0.7545189999999999 0.025272 0.060266
15 0.840824 0.32947200000000004 0.027782 0.058926
15 0.404994 0.827462 0.024748 0.064616
15 0.27701200000000004 0.61405 0.025754 0.057232
15 0.8012769999999999 0.5552739999999999 0.026598 0.060134
15 0.12621300000000002 0.837559 0.026004 0.05664
15 0.95858 0.473347 0.02724 0.057218
15 0.771219 0.124203 0.025536 0.053196
15 0.8768790000000001 0.491217 0.023986 0.053442
15 0.498452 0.747703 0.021388 0.048184
15 0.527351 0.86002 0.02267 0.064818
15 0.27148 0.390912 0.0221 0.047002
