15 0.617733 0.553211 0.025974 0.063436
15 0.225912 0.178647 0.02838 0.061858
15 0.29834900000000003 0.754333 0.025418 0.060816
15 0.40405599999999997 0.826318 0.029376 0.061594
15 0.276957 0.6140760000000001 0.025832 0.05736
15 0.638432 0.8268949999999999 0.024338 0.05605
15 0.801217 0.5552539999999999 0.026554 0.059934
15 0.95845 0.473896 0.027292 0.058646
15 0.771165 0.124784 0.02553 0.054118
15 0.126483 0.837099 0.025936 0.056218
15 0.527282 0.859778 0.023338 0.06501
15 0.27127799999999996 0.390548 0.022206 0.047578
