15 0.133778 0.75194 0.027686 0.05973
15 0.291671 0.747667 0.02615 0.057166
15 0.882611 0.222151 0.028902 0.060426
15 0.570601 0.285446 0.0257 0.061456
15 0.567998 0.57446 0.026302 0.057412
15 0.079726 0.8302759999999999 0.025392 0.059238
15 0.226978 0.12473699999999999 0.025314 0.05771
15 0.18939 0.405537 0.026266 0.056738
15 0.7897689999999999 0.40958100000000003 0.030862 0.06071
15 0.719519 0.7348880000000001 0.024828 0.055924
15 0.364391 0.37472300000000003 0.022544 0.054278
15 0.7511249999999999 0.12406 0.02545 0.052342
15 0.27127300000000004 0.39253 0.022344 0.05033
15 0.773976 0.47047 0.024222 0.057338
15 0.420701 0.790537 0.022344 0.060238
15 0.40246000000000004 0.8352099999999999 0.02248 0.058512
15 0.406335 0.817159 0.028548 0.069654
