15 0.617757 0.553475 0.025984 0.063218
15 0.227322 0.18214999999999998 0.028192 0.063412
15 0.11518300000000001 0.747039 0.028674 0.055456
15 0.298734 0.754601 0.02528 0.061664
15 0.404977 0.826005 0.025342 0.063336
15 0.8618089999999999 0.215494 0.027664 0.057734
15 0.801378 0.556347 0.02681 0.06009
15 0.771061 0.124874 0.025682 0.054196
15 0.958705 0.472177 0.030704 0.053336
15 0.187374 0.401624 0.025422 0.052488
15 0.876835 0.491711 0.024156 0.053648
15 0.49857 0.747891 0.021652 0.048678
15 0.375685 0.363532 0.026558 0.05984
15 0.08716299999999999 0.836235 0.026552 0.052498
15 0.27171 0.390845 0.021798 0.047146
15 0.5272479999999999 0.8597819999999999 0.021966 0.06544
