15 0.617738 0.553059 0.02576 0.064168
15 0.226133 0.17915699999999998 0.028514 0.060932
15 0.404909 0.825864 0.02561 0.064198
15 0.11498 0.747325 0.028216 0.054962
15 0.298558 0.754423 0.025154 0.061562
15 0.8616820000000001 0.215486 0.027754 0.058332
15 0.8011739999999999 0.55606 0.02707 0.06034
15 0.18723900000000002 0.401582 0.026048 0.053752
15 0.771012 0.124662 0.025608 0.05409
15 0.958625 0.472198 0.030954 0.053728
15 0.8764989999999999 0.491712 0.024552 0.053886
15 0.49845100000000003 0.747979 0.021464 0.048314
15 0.375494 0.363175 0.026456 0.059948
15 0.08681499999999999 0.8362970000000001 0.026356 0.051978
15 0.271587 0.390533 0.021916 0.04759
15 0.527311 0.860333 0.022556 0.065276
