15 0.196772 0.429766 0.026934 0.062722
15 0.22153 0.40586700000000003 0.026812 0.058154
15 0.196837 0.377591 0.025424 0.058328
15 0.756949 0.824087 0.025592 0.060786
15 0.291827 0.475797 0.029148 0.061612
15 0.196566 0.5741280000000001 0.025846 0.056372
15 0.26766 0.45752000000000004 0.028412 0.060818
15 0.194616 0.525314 0.025444 0.054902
15 0.244243 0.524233 0.030888 0.06784
15 0.24531 0.42799899999999996 0.026428 0.06412
15 0.19589499999999999 0.477506 0.02725 0.050994
15 0.243319 0.479188 0.025218 0.055326
15 0.267645 0.500062 0.032802 0.07145
15 0.219446 0.49439299999999997 0.026332 0.066916
15 0.21782600000000002 0.546392 0.028772 0.060812
15 0.201143 0.51107 0.024356 0.06581
15 0.22123900000000002 0.450067 0.028276 0.04759
15 0.233032 0.506421 0.027358 0.07414
15 0.257094 0.51497 0.03227 0.079412
15 0.28259 0.48303300000000005 0.030532 0.067706
15 0.22715400000000002 0.46391 0.031112 0.070012
