15 0.6178049999999999 0.553521 0.025952 0.063298
15 0.22734000000000001 0.18214 0.028208 0.063394
15 0.11526600000000001 0.747035 0.028622 0.055304
15 0.405037 0.826037 0.025382 0.063368
15 0.298728 0.754637 0.025268 0.06161
15 0.861892 0.21548699999999998 0.027652 0.057824
15 0.801396 0.556407 0.026802 0.060054
15 0.771082 0.12493699999999999 0.02564 0.053966
15 0.958913 0.472257 0.030866 0.053256
15 0.187399 0.401679 0.02532 0.052262
15 0.876835 0.491738 0.024238 0.053894
15 0.49858199999999997 0.747867 0.02162 0.048652
15 0.375814 0.363447 0.026582 0.059764
15 0.0871 0.836141 0.026586 0.052486
15 0.271768 0.390682 0.021598 0.04692
15 0.527265 0.859904 0.021988 0.065662
