15 0.617699 0.552787 0.025688 0.063658
15 0.226111 0.179007 0.028438 0.061232
15 0.404559 0.825471 0.025994 0.065742
15 0.298673 0.754656 0.025722 0.062922
15 0.861807 0.215223 0.0276 0.05757
15 0.8012009999999999 0.555756 0.027056 0.061096
15 0.346782 0.761895 0.025204 0.06258
15 0.126419 0.837241 0.025954 0.057108
15 0.771015 0.12490599999999999 0.025766 0.054082
15 0.958483 0.47184200000000004 0.030654 0.05361
15 0.876555 0.49150000000000005 0.024394 0.053996
15 0.498617 0.747426 0.021432 0.047878
15 0.23164400000000002 0.57953 0.022486 0.052052
15 0.27144300000000005 0.391229 0.02253 0.047888
15 0.527324 0.860116 0.022848 0.064252
