15 0.557261 0.57238 0.025992 0.056334
15 0.816177 0.38376499999999997 0.02547 0.060846
15 0.22637200000000002 0.11473599999999999 0.025886 0.05966
15 0.28909799999999997 0.740909 0.02611 0.056678
15 0.900891 0.265079 0.027978 0.061062
15 0.191237 0.406688 0.02715 0.060914
15 0.137277 0.7200409999999999 0.027704 0.059602
15 0.689279 0.744611 0.025064 0.054572
15 0.079281 0.825322 0.025036 0.060236
15 0.361118 0.377446 0.02246 0.05371
15 0.748874 0.471524 0.02347 0.050986
15 0.271252 0.39325499999999997 0.023 0.051306
15 0.7261340000000001 0.14241299999999998 0.026752 0.062286
15 0.5394270000000001 0.332785 0.021316 0.051076
15 0.40875500000000003 0.80365 0.024888 0.068022
15 0.403461 0.82989 0.025246 0.074878
