15 0.617742 0.553315 0.025886 0.063494
15 0.22711599999999998 0.181906 0.028004 0.063168
15 0.11505499999999999 0.747033 0.028492 0.055354
15 0.29862 0.754553 0.0253 0.061896
15 0.405338 0.827234 0.024362 0.063816
15 0.861842 0.21556699999999998 0.027746 0.057712
15 0.8013600000000001 0.5562280000000001 0.026788 0.060132
15 0.771039 0.124804 0.025728 0.0544
15 0.187305 0.401701 0.025492 0.052434
15 0.958879 0.47441 0.027802 0.057286
15 0.876739 0.491582 0.024084 0.053374
15 0.498561 0.747907 0.02167 0.048784
15 0.375656 0.36325 0.026426 0.059942
15 0.08713099999999999 0.836129 0.026434 0.052284
15 0.527332 0.860223 0.02242 0.06548
15 0.271649 0.391052 0.021832 0.046888
