15 0.617749 0.553196 0.02606 0.063364
15 0.225866 0.17835399999999998 0.028266 0.062102
15 0.40398 0.8261130000000001 0.029828 0.062504
15 0.298466 0.754665 0.025472 0.061172
15 0.27699599999999996 0.6139920000000001 0.02594 0.05767
15 0.6394029999999999 0.828593 0.026814 0.060452
15 0.801057 0.554952 0.02654 0.060124
15 0.958479 0.473991 0.027374 0.058744
15 0.7711950000000001 0.12475 0.025638 0.053836
15 0.126495 0.83707 0.025734 0.055944
15 0.528209 0.8609399999999999 0.021592 0.059964
15 0.27142900000000003 0.390754 0.022298 0.047372
