15 0.617735 0.553232 0.025972 0.063394
15 0.22593000000000002 0.178597 0.028378 0.061932
15 0.298356 0.754382 0.025464 0.061016
15 0.40406600000000004 0.826254 0.029332 0.06186
15 0.27696 0.614029 0.025826 0.057276
15 0.6384500000000001 0.826757 0.024442 0.056288
15 0.801245 0.5552130000000001 0.026508 0.060102
15 0.958537 0.47394200000000003 0.027212 0.058694
15 0.126428 0.8372240000000001 0.025906 0.056132
15 0.771234 0.124543 0.025442 0.054128
15 0.271327 0.39053299999999996 0.022332 0.047854
15 0.5272819999999999 0.859608 0.02331 0.064756
