15 0.617752 0.553266 0.025844 0.063476
15 0.22613699999999998 0.17879899999999999 0.02856 0.060982
15 0.298535 0.754822 0.025326 0.061202
15 0.8408530000000001 0.329564 0.027794 0.058856
15 0.404538 0.826172 0.025612 0.064012
15 0.276806 0.6142099999999999 0.025698 0.057192
15 0.801163 0.555814 0.026724 0.060094
15 0.126457 0.8373200000000001 0.02611 0.057522
15 0.958497 0.473669 0.027584 0.058166
15 0.771109 0.124586 0.025654 0.053286
15 0.87673 0.49132600000000004 0.024086 0.053776
15 0.49842800000000004 0.747856 0.021344 0.048532
15 0.27143799999999996 0.390966 0.021928 0.04691
15 0.527179 0.8594999999999999 0.022012 0.065532
