15 0.617815 0.55301 0.02573 0.063708
15 0.226213 0.179182 0.028432 0.060722
15 0.298574 0.7548900000000001 0.026024 0.064496
15 0.404729 0.825803 0.02593 0.065118
15 0.243102 0.750484 0.026268 0.057492
15 0.8618159999999999 0.21565800000000002 0.02785 0.058256
15 0.801326 0.5557310000000001 0.026916 0.06051
15 0.771263 0.125157 0.025946 0.055444
15 0.126277 0.8376370000000001 0.025904 0.05699
15 0.958653 0.471746 0.030654 0.053386
15 0.876699 0.491745 0.024058 0.052956
15 0.498415 0.747762 0.021586 0.04887
15 0.37558400000000003 0.363265 0.026548 0.059664
15 0.271356 0.39112800000000003 0.022612 0.047942
15 0.527393 0.860265 0.02295 0.065078
