15 0.61778 0.553152 0.025832 0.063736
15 0.22609200000000002 0.179117 0.028434 0.06108
15 0.8617469999999999 0.21574000000000002 0.027548 0.058178
15 0.8012020000000001 0.555862 0.027198 0.061302
15 0.27650399999999997 0.614404 0.025126 0.05506
15 0.404753 0.827535 0.023196 0.061504
15 0.771002 0.124699 0.025758 0.054134
15 0.9585480000000001 0.47192700000000004 0.030588 0.053432
15 0.351833 0.738543 0.026354 0.059952
15 0.876563 0.49158999999999997 0.024362 0.05436
15 0.498467 0.747517 0.02115 0.047528
15 0.271341 0.391177 0.022394 0.047392
15 0.527251 0.8597090000000001 0.02192 0.063458
15 0.298558 0.7532150000000001 0.021234 0.048356
