15 0.6177600000000001 0.55301 0.025756 0.06289
15 0.225848 0.17840699999999998 0.02826 0.062046
15 0.629577 0.665591 0.028556 0.063994
15 0.404005 0.8259799999999999 0.02987 0.062644
15 0.29847 0.754666 0.025466 0.061068
15 0.276998 0.6139600000000001 0.025958 0.0577
15 0.801043 0.554903 0.026576 0.059954
15 0.958457 0.474032 0.027298 0.058364
15 0.771213 0.124653 0.02574 0.053728
15 0.126507 0.8370569999999999 0.025692 0.055774
15 0.527931 0.860053 0.020512 0.057232
15 0.271447 0.39076099999999997 0.02232 0.04743
