15 0.617942 0.553126 0.02566 0.06343
15 0.226144 0.17890799999999998 0.028304 0.06048
15 0.24241400000000002 0.7503219999999999 0.031872 0.056576
15 0.40504999999999997 0.8270879999999999 0.024852 0.065594
15 0.29852199999999995 0.755013 0.026098 0.064832
15 0.861938 0.215336 0.027412 0.057492
15 0.8011619999999999 0.555452 0.02677 0.059942
15 0.126426 0.837206 0.026374 0.056742
15 0.7711399999999999 0.12450699999999999 0.02561 0.053918
15 0.958528 0.47412200000000004 0.028038 0.05805
15 0.876703 0.49165 0.024344 0.054078
15 0.498479 0.747611 0.021388 0.048332
15 0.375635 0.36297 0.02647 0.059812
15 0.527383 0.860308 0.02308 0.065264
15 0.271296 0.39080400000000004 0.02198 0.04661
