15 0.617692 0.553454 0.026144 0.063672
15 0.404482 0.826403 0.026384 0.066504
15 0.226241 0.179311 0.028692 0.060708
15 0.29877600000000004 0.754719 0.025406 0.06196
15 0.276655 0.614011 0.025812 0.057972
15 0.861626 0.21607500000000002 0.027642 0.058856
15 0.801188 0.556385 0.027412 0.062132
15 0.350886 0.735874 0.02645 0.062848
15 0.7710809999999999 0.125558 0.026034 0.056162
15 0.126157 0.8381 0.02619 0.057582
15 0.9585509999999999 0.472117 0.03076 0.05386
15 0.876515 0.49207199999999995 0.024288 0.053526
15 0.49859 0.747895 0.021424 0.048182
15 0.271399 0.391361 0.02238 0.04778
15 0.527231 0.859787 0.022534 0.064794
