15 0.617701 0.552775 0.025688 0.063662
15 0.226104 0.178928 0.028472 0.061386
15 0.404542 0.825519 0.026034 0.065826
15 0.298583 0.754734 0.02569 0.062944
15 0.8618089999999999 0.21521600000000002 0.027604 0.057574
15 0.801239 0.555774 0.027106 0.061324
15 0.126401 0.837257 0.026026 0.057182
15 0.771015 0.124904 0.02577 0.054092
15 0.347159 0.761008 0.028806 0.06139
15 0.9585290000000001 0.471781 0.030634 0.053644
15 0.87655 0.49148899999999995 0.02438 0.053954
15 0.498623 0.747441 0.021436 0.047948
15 0.27144 0.391245 0.022544 0.048002
15 0.52731 0.8600949999999999 0.022848 0.064012
15 0.23373 0.581551 0.022102 0.049318
15 0.235433 0.580083 0.036324 0.07297
