15 0.617826 0.552891 0.025746 0.063158
15 0.225922 0.178477 0.02832 0.061814
15 0.298419 0.754383 0.025318 0.060912
15 0.41519300000000003 0.16570200000000002 0.026448 0.05625
15 0.276879 0.613927 0.025712 0.056922
15 0.404873 0.8276330000000001 0.023884 0.063814
15 0.801196 0.555293 0.026754 0.06068
15 0.958666 0.474296 0.027188 0.058202
15 0.126283 0.83689 0.025924 0.056008
15 0.77106 0.124562 0.026 0.05338
15 0.49835799999999997 0.747501 0.021098 0.047794
15 0.52721 0.859358 0.022338 0.06535
15 0.271451 0.390841 0.022206 0.047778
