15 0.6179429999999999 0.553122 0.025656 0.063416
15 0.226196 0.178815 0.028364 0.060376
15 0.40507299999999996 0.827052 0.024728 0.065548
15 0.298512 0.755023 0.026092 0.06468
15 0.242447 0.749569 0.031448 0.055438
15 0.861932 0.215333 0.027436 0.057578
15 0.801144 0.55544 0.02678 0.059916
15 0.126436 0.837276 0.026298 0.056662
15 0.771118 0.12451 0.025636 0.054164
15 0.9586370000000001 0.474117 0.02801 0.057816
15 0.87678 0.491637 0.024372 0.054014
15 0.498521 0.7475689999999999 0.021294 0.048142
15 0.375689 0.362896 0.026534 0.059952
15 0.527374 0.860332 0.023086 0.065264
15 0.27135 0.390854 0.022022 0.04662
