15 0.617805 0.553266 0.026086 0.063682
15 0.22714399999999998 0.181863 0.027958 0.06281
15 0.11508199999999999 0.747086 0.02852 0.055306
15 0.29872299999999996 0.754301 0.025396 0.062146
15 0.40491 0.825759 0.024902 0.062286
15 0.862016 0.215285 0.027574 0.057402
15 0.8014159999999999 0.555879 0.026922 0.060586
15 0.187286 0.401581 0.025644 0.053076
15 0.771034 0.124127 0.025658 0.053484
15 0.9587760000000001 0.47195600000000004 0.030518 0.05305
15 0.8766510000000001 0.491489 0.024194 0.053552
15 0.498707 0.747545 0.021482 0.04809
15 0.375837 0.363455 0.026562 0.059808
15 0.087034 0.836377 0.026498 0.052334
15 0.5272929999999999 0.8601580000000001 0.02222 0.06502
15 0.271796 0.390408 0.021662 0.047184
