15 0.617752 0.5532779999999999 0.025846 0.063448
15 0.226144 0.17879 0.028554 0.061
15 0.29853599999999997 0.754826 0.025322 0.061204
15 0.840847 0.329563 0.027748 0.058764
15 0.404534 0.8261729999999999 0.02561 0.063996
15 0.276804 0.614208 0.025694 0.05718
15 0.801163 0.555833 0.026706 0.060062
15 0.126466 0.8373389999999999 0.026106 0.057516
15 0.958566 0.4738 0.027496 0.058008
15 0.771118 0.124586 0.025722 0.053312
15 0.8767360000000001 0.49132499999999996 0.024056 0.053742
15 0.49842 0.747861 0.02137 0.04857
15 0.271439 0.390966 0.021924 0.046906
15 0.5271790000000001 0.859511 0.022018 0.065526
