15 0.5530750000000001 0.785186 0.025454 0.058086
15 0.617286 0.554686 0.023698 0.06519
15 0.866386 0.600826 0.028518 0.060668
15 0.11452499999999999 0.7487640000000001 0.02774 0.056094
15 0.22733299999999998 0.182455 0.028182 0.063842
15 0.405133 0.826699 0.02532 0.062374
15 0.298917 0.754939 0.025144 0.060688
15 0.857546 0.336067 0.025034 0.059566
15 0.8618319999999999 0.21444400000000002 0.026994 0.055756
15 0.770947 0.12522 0.025382 0.054328
15 0.187293 0.401713 0.025186 0.052384
15 0.899294 0.49301 0.024426 0.05415
15 0.4991 0.7462829999999999 0.023552 0.050776
15 0.087073 0.836961 0.0269 0.052374
15 0.37580199999999997 0.364069 0.026496 0.058452
15 0.271961 0.391306 0.02144 0.047412
