15 0.617736 0.552896 0.025696 0.063052
15 0.226181 0.178616 0.028314 0.061022
15 0.242551 0.7497780000000001 0.031412 0.056618
15 0.405171 0.827254 0.02437 0.064842
15 0.298414 0.754714 0.026034 0.064958
15 0.861975 0.21474700000000002 0.027908 0.057358
15 0.801203 0.555245 0.026878 0.06033
15 0.958491 0.47367200000000004 0.027874 0.05803
15 0.77124 0.12382599999999999 0.02566 0.053908
15 0.126761 0.836905 0.025906 0.05566
15 0.8766590000000001 0.491338 0.02438 0.054534
15 0.498476 0.747178 0.021442 0.048154
15 0.527408 0.8602190000000001 0.023396 0.065968
15 0.27152 0.390909 0.022562 0.047534
15 0.375579 0.362879 0.026618 0.059234
