15 0.6177290000000001 0.553169 0.025886 0.063382
15 0.115109 0.7471669999999999 0.028458 0.055224
15 0.29863599999999996 0.75439 0.025388 0.062206
15 0.22744699999999998 0.182444 0.026844 0.062032
15 0.40514900000000004 0.827178 0.024352 0.064002
15 0.861785 0.21551199999999998 0.027696 0.058208
15 0.8012589999999999 0.556165 0.027264 0.061464
15 0.187275 0.40154 0.025632 0.052718
15 0.958743 0.47427199999999997 0.027804 0.057484
15 0.771095 0.124589 0.025664 0.053376
15 0.876656 0.491724 0.02428 0.05337
15 0.498537 0.747681 0.021514 0.048424
15 0.375645 0.363497 0.026356 0.059304
15 0.087023 0.836427 0.026562 0.05247
15 0.527279 0.859993 0.02251 0.06511
15 0.271522 0.390708 0.021824 0.04694
