15 0.617832 0.553066 0.025754 0.06341
15 0.226001 0.178726 0.028426 0.061128
15 0.298446 0.7545550000000001 0.025296 0.060774
15 0.41519300000000003 0.165907 0.026572 0.056306
15 0.404814 0.8276129999999999 0.024432 0.064738
15 0.276819 0.614023 0.025644 0.057082
15 0.801036 0.555363 0.02671 0.0605
15 0.7713599999999999 0.125079 0.025936 0.054892
15 0.958553 0.474173 0.02724 0.058526
15 0.12607 0.837305 0.025952 0.05633
15 0.498344 0.7477280000000001 0.021216 0.047884
15 0.2714 0.39088700000000004 0.022316 0.047822
15 0.527157 0.859514 0.022162 0.064868
