15 0.316821 0.637992 0.02637 0.05596
15 0.502224 0.510366 0.02702 0.060612
15 0.181529 0.164339 0.02513 0.059612
15 0.46535 0.23157699999999998 0.024034 0.057702
15 0.182162 0.8189110000000001 0.029682 0.064548
15 0.314993 0.312657 0.025602 0.062142
15 0.344763 0.5039939999999999 0.02069 0.052922
15 0.14342100000000002 0.611981 0.025112 0.05049
15 0.197348 0.7579779999999999 0.028752 0.063802
15 0.13607 0.497279 0.024604 0.051656
15 0.35782899999999995 0.42958100000000005 0.021882 0.054606
15 0.258575 0.44687 0.023744 0.055476
15 0.215253 0.480631 0.02189 0.050952
15 0.32754099999999997 0.409499 0.027434 0.058738
15 0.238165 0.521816 0.02968 0.056772
15 0.211876 0.595102 0.020436 0.046924
15 0.339502 0.416511 0.029788 0.056386
