15 0.61775 0.553273 0.025848 0.063452
15 0.226133 0.178805 0.028534 0.061006
15 0.29853599999999997 0.754827 0.025322 0.061202
15 0.840801 0.329741 0.027806 0.058884
15 0.404537 0.8261689999999999 0.025604 0.063996
15 0.276804 0.614199 0.025704 0.057174
15 0.801155 0.555851 0.026706 0.060124
15 0.126422 0.83737 0.0261 0.057542
15 0.9584010000000001 0.47375100000000003 0.027446 0.05778
15 0.7711469999999999 0.124775 0.025556 0.053606
15 0.876685 0.49141300000000004 0.024026 0.05361
15 0.498417 0.747856 0.021362 0.048574
15 0.271432 0.390967 0.021924 0.046886
15 0.527179 0.859549 0.022068 0.06545
