15 0.61775 0.5531630000000001 0.025956 0.06302
15 0.22589 0.17833100000000002 0.028312 0.062194
15 0.29835799999999996 0.754505 0.025596 0.061372
15 0.404067 0.82597 0.02969 0.063138
15 0.277011 0.613954 0.025926 0.057718
15 0.638537 0.825668 0.027632 0.05815
15 0.8009919999999999 0.5544950000000001 0.026422 0.059576
15 0.958472 0.47397 0.027118 0.057834
15 0.126412 0.8369530000000001 0.025996 0.056702
15 0.771076 0.12450699999999999 0.025728 0.053776
15 0.528384 0.863925 0.019912 0.06092
15 0.27120099999999997 0.390544 0.022214 0.047288
