15 0.617773 0.553434 0.02601 0.064272
15 0.227252 0.182112 0.028224 0.06364
15 0.115119 0.747133 0.028454 0.0555
15 0.405055 0.825973 0.025518 0.063952
15 0.298721 0.7545109999999999 0.025104 0.061302
15 0.861888 0.216126 0.027398 0.058526
15 0.801144 0.556384 0.027402 0.061918
15 0.18729200000000001 0.401619 0.025996 0.05389
15 0.771073 0.124611 0.02584 0.05447
15 0.95692 0.465031 0.025672 0.056544
15 0.8763310000000001 0.492097 0.024412 0.054086
15 0.498425 0.747764 0.021354 0.048476
15 0.375726 0.36368599999999995 0.026736 0.06
15 0.087059 0.8365279999999999 0.026494 0.052652
15 0.5272570000000001 0.8596280000000001 0.022604 0.063736
15 0.27171900000000004 0.390818 0.021468 0.04665
