15 0.617701 0.553024 0.02588 0.063024
15 0.226027 0.17871900000000002 0.028556 0.0613
15 0.840836 0.32972799999999997 0.028008 0.059144
15 0.29843299999999995 0.75474 0.025368 0.061188
15 0.404976 0.8273759999999999 0.024494 0.06455
15 0.276742 0.613968 0.025728 0.05737
15 0.8011820000000001 0.555206 0.02652 0.059736
15 0.126479 0.837223 0.025854 0.056758
15 0.95846 0.47316400000000003 0.02707 0.057112
15 0.7712180000000001 0.12453299999999999 0.025522 0.053864
15 0.8767969999999999 0.491377 0.023896 0.052828
15 0.498502 0.747575 0.021112 0.047676
15 0.527277 0.859767 0.02261 0.065
15 0.27133399999999996 0.390956 0.02209 0.047208
