15 0.617705 0.553095 0.025658 0.062522
15 0.226034 0.177997 0.02842 0.06265
15 0.404197 0.825978 0.02957 0.06251
15 0.29836599999999996 0.754544 0.025318 0.061094
15 0.443569 0.351785 0.025178 0.057076
15 0.277042 0.613521 0.025984 0.05773
15 0.801157 0.5547300000000001 0.026844 0.060616
15 0.9586250000000001 0.47381700000000004 0.027254 0.05915
15 0.7711119999999999 0.124552 0.02605 0.05574
15 0.126447 0.836928 0.025934 0.056514
15 0.498349 0.7472559999999999 0.02113 0.047702
15 0.527301 0.8588250000000001 0.02258 0.065452
15 0.271328 0.390914 0.02224 0.0474
