15 0.6177480000000001 0.553261 0.025854 0.063458
15 0.22608199999999998 0.178794 0.028506 0.060964
15 0.298541 0.754792 0.02533 0.061172
15 0.840844 0.32965599999999995 0.027692 0.058668
15 0.404522 0.8262630000000001 0.02556 0.06373
15 0.27682300000000004 0.614137 0.025754 0.057322
15 0.8011980000000001 0.555784 0.026636 0.06002
15 0.12639 0.837254 0.026002 0.057088
15 0.958431 0.47162200000000004 0.030426 0.053772
15 0.771115 0.12462 0.025512 0.053138
15 0.876738 0.491547 0.023922 0.053176
15 0.498445 0.747823 0.02136 0.048522
15 0.27146800000000004 0.39097899999999997 0.022016 0.047036
15 0.5271669999999999 0.859367 0.02198 0.065438
