15 0.617694 0.553454 0.026144 0.063676
15 0.404479 0.826411 0.026368 0.06648
15 0.226241 0.17930600000000002 0.028682 0.060698
15 0.29878 0.7547159999999999 0.025404 0.06192
15 0.276655 0.614023 0.025806 0.05795
15 0.861647 0.216085 0.027644 0.058832
15 0.801187 0.556383 0.02741 0.062104
15 0.35089499999999996 0.7358669999999999 0.026442 0.062868
15 0.771101 0.12548199999999998 0.026024 0.056284
15 0.126156 0.838072 0.02615 0.057458
15 0.958561 0.472103 0.030764 0.05374
15 0.876526 0.492095 0.024222 0.053154
15 0.498595 0.7478870000000001 0.021424 0.048178
15 0.271414 0.391295 0.022344 0.047616
15 0.527237 0.85973 0.022522 0.064762
