0 0.225853 0.177314 0.028078 0.062796
0 0.8535619999999999 0.164571 0.025866 0.065344
0 0.941629 0.48645400000000005 0.028016 0.057506
0 0.7792060000000001 0.124817 0.026196 0.058424
0 0.29840900000000004 0.7532 0.025 0.060698
0 0.48080999999999996 0.759076 0.024998 0.059494
0 0.632453 0.557656 0.025536 0.057976
0 0.6045929999999999 0.6325700000000001 0.023566 0.059506
0 0.744398 0.18188 0.023728 0.055502
0 0.405219 0.8242740000000001 0.023506 0.060138
0 0.186969 0.40089199999999997 0.026092 0.053824
