15 0.617835 0.553044 0.025794 0.06342
15 0.22588 0.17852300000000002 0.028304 0.062014
15 0.298398 0.754344 0.025322 0.060712
15 0.415189 0.165711 0.02647 0.056206
15 0.404817 0.827723 0.023932 0.063936
15 0.276861 0.61395 0.025668 0.056812
15 0.80118 0.555282 0.026728 0.060626
15 0.958568 0.474158 0.02717 0.05827
15 0.12632300000000002 0.8368340000000001 0.025974 0.056218
15 0.771052 0.124608 0.02602 0.053362
15 0.498333 0.747499 0.021058 0.047546
15 0.271449 0.390828 0.022212 0.047838
15 0.527186 0.8595510000000001 0.02228 0.065166
