15 0.617794 0.552416 0.025574 0.0629
15 0.225939 0.17785800000000002 0.028174 0.063012
15 0.298175 0.754384 0.02524 0.060802
15 0.27696400000000004 0.613212 0.026074 0.058268
15 0.415147 0.165664 0.026242 0.055418
15 0.40437500000000004 0.825827 0.029344 0.063666
15 0.800978 0.554273 0.026662 0.059992
15 0.958424 0.473498 0.027158 0.05863
15 0.12643100000000002 0.836395 0.025948 0.056284
15 0.771026 0.12370400000000001 0.025588 0.053294
15 0.498458 0.746892 0.020916 0.047548
15 0.5272039999999999 0.85885 0.02276 0.06511
15 0.271302 0.39028399999999996 0.022392 0.048024
