15 0.6177819999999999 0.55255 0.025634 0.063102
15 0.22591399999999998 0.177964 0.028176 0.062886
15 0.298252 0.7543880000000001 0.025298 0.06106
15 0.27685800000000005 0.613337 0.026024 0.058152
15 0.41512 0.16536800000000001 0.026596 0.056574
15 0.404332 0.8258369999999999 0.029352 0.06333
15 0.800956 0.554415 0.026582 0.059814
15 0.95853 0.47372299999999995 0.027116 0.058456
15 0.771048 0.124181 0.02582 0.054666
15 0.126405 0.836548 0.025898 0.056112
15 0.49846399999999996 0.746882 0.020952 0.047612
15 0.527322 0.859001 0.022954 0.065162
15 0.271297 0.39025800000000005 0.022258 0.04778
