15 0.6177349999999999 0.553219 0.025974 0.063424
15 0.22592900000000002 0.178682 0.028382 0.061966
15 0.29834700000000003 0.754368 0.02541 0.060794
15 0.404051 0.826256 0.029368 0.061794
15 0.276967 0.61407 0.025834 0.057388
15 0.638432 0.826868 0.024462 0.056256
15 0.8012130000000001 0.5552560000000001 0.026564 0.059908
15 0.958439 0.47389000000000003 0.027284 0.058628
15 0.771166 0.124803 0.02549 0.054082
15 0.12645 0.837266 0.02589 0.055928
15 0.527283 0.859754 0.023316 0.06498
15 0.271281 0.390556 0.022218 0.047594
