15 0.303608 0.602571 0.031176 0.062006
15 0.187121 0.092308 0.029744 0.061154
15 0.336115 0.4431 0.025902 0.063006
15 0.414358 0.332746 0.026378 0.060174
15 0.108966 0.359578 0.02877 0.058104
15 0.38443499999999997 0.296536 0.025732 0.058014
15 0.158263 0.581639 0.026742 0.059018
15 0.20885199999999998 0.531371 0.026458 0.068252
15 0.283478 0.499756 0.02731 0.055628
15 0.1398 0.76827 0.02659 0.0559
15 0.233419 0.5687099999999999 0.03024 0.055626
15 0.297729 0.20927900000000002 0.023862 0.052862
15 0.15254600000000001 0.705626 0.03231 0.061562
15 0.194158 0.570982 0.03381 0.064304
15 0.31756900000000005 0.495375 0.026626 0.060634
15 0.24946300000000002 0.445517 0.024944 0.058782
