15 0.617749 0.553178 0.02602 0.062914
15 0.225882 0.17833200000000002 0.02831 0.062294
15 0.29835999999999996 0.754463 0.025604 0.061258
15 0.404076 0.825955 0.029596 0.063072
15 0.277015 0.61394 0.025938 0.057712
15 0.63926 0.8282120000000001 0.026642 0.06024
15 0.8010210000000001 0.554449 0.026342 0.059488
15 0.9584809999999999 0.473878 0.027092 0.057894
15 0.126411 0.836911 0.026004 0.056706
15 0.771076 0.12450900000000001 0.025722 0.053766
15 0.528915 0.861201 0.02516 0.065356
15 0.271215 0.39052899999999996 0.022254 0.047352
