15 0.61778 0.553141 0.02583 0.063774
15 0.226091 0.179119 0.028446 0.061056
15 0.861777 0.215466 0.02753 0.057594
15 0.801137 0.555824 0.027142 0.061014
15 0.276501 0.614402 0.025084 0.054888
15 0.40476999999999996 0.827604 0.022948 0.061134
15 0.770988 0.124762 0.025716 0.054128
15 0.95867 0.47405899999999995 0.027812 0.057684
15 0.35181799999999996 0.7386830000000001 0.026422 0.059824
15 0.876558 0.491553 0.024366 0.054452
15 0.49848 0.747521 0.021098 0.047344
15 0.271322 0.39117999999999997 0.022422 0.04738
15 0.527232 0.8595579999999999 0.02176 0.063254
15 0.29881500000000005 0.752274 0.021368 0.047666
