15 0.617644 0.554403 0.026804 0.064074
15 0.115142 0.747471 0.028912 0.05588
15 0.29874 0.755133 0.025494 0.061666
15 0.404917 0.826835 0.026088 0.064674
15 0.22720500000000002 0.182451 0.028384 0.064124
15 0.861419 0.21710200000000002 0.027408 0.059572
15 0.8012680000000001 0.55713 0.027006 0.060988
15 0.7710170000000001 0.125878 0.025624 0.055638
15 0.187302 0.401877 0.025568 0.053308
15 0.9589329999999999 0.472653 0.030646 0.053192
15 0.498527 0.748607 0.021656 0.04946
15 0.8766440000000001 0.49341199999999996 0.024404 0.05375
15 0.086725 0.8366790000000001 0.027408 0.053374
15 0.375722 0.364113 0.026674 0.059168
15 0.5272969999999999 0.862787 0.020822 0.056482
15 0.271918 0.391667 0.022176 0.048532
