15 0.617835 0.553073 0.025758 0.063398
15 0.226015 0.178711 0.028424 0.061224
15 0.298464 0.754487 0.02532 0.060762
15 0.415206 0.165838 0.026502 0.05612
15 0.404874 0.8275629999999999 0.024114 0.064188
15 0.276819 0.6140289999999999 0.025708 0.0572
15 0.8011900000000001 0.555268 0.026628 0.060378
15 0.126144 0.837272 0.02604 0.05655
15 0.958581 0.47433000000000003 0.027058 0.058166
15 0.7713490000000001 0.124925 0.025678 0.054476
15 0.498401 0.747613 0.02116 0.047704
15 0.271411 0.390883 0.022278 0.04774
15 0.527166 0.859622 0.022232 0.064908
