15 0.617946 0.553119 0.025594 0.063376
15 0.22622 0.178813 0.028208 0.06023
15 0.298491 0.7543300000000001 0.025334 0.061314
15 0.405126 0.827229 0.024496 0.064384
15 0.335296 0.553121 0.025328 0.059504
15 0.172158 0.37867799999999996 0.025312 0.057584
15 0.861981 0.215461 0.027516 0.05797
15 0.8011750000000001 0.555689 0.026968 0.060474
15 0.771185 0.124497 0.025708 0.054518
15 0.958505 0.474155 0.027972 0.057972
15 0.126577 0.837681 0.025912 0.057398
15 0.876755 0.491743 0.024204 0.053434
15 0.498367 0.74752 0.021272 0.047958
15 0.527347 0.8599540000000001 0.022746 0.064666
15 0.27171300000000004 0.390501 0.021668 0.046936
