15 0.617738 0.552897 0.025696 0.063052
15 0.226148 0.17861300000000002 0.02834 0.061082
15 0.242553 0.749806 0.031412 0.056602
15 0.405166 0.8272539999999999 0.024378 0.064844
15 0.298414 0.754729 0.026038 0.064952
15 0.8619749999999999 0.214756 0.027896 0.057348
15 0.801203 0.55528 0.026874 0.060378
15 0.9584779999999999 0.47369 0.027834 0.058016
15 0.771233 0.12381500000000001 0.025666 0.0539
15 0.126751 0.83687 0.025908 0.055638
15 0.876657 0.491317 0.024378 0.054548
15 0.498479 0.747176 0.021446 0.048168
15 0.527412 0.860224 0.023406 0.065954
15 0.271521 0.390907 0.022562 0.047536
15 0.375577 0.36288 0.026622 0.059232
