15 0.617723 0.553044 0.025852 0.062784
15 0.225989 0.178475 0.028372 0.061624
15 0.298498 0.7546109999999999 0.025432 0.061068
15 0.405045 0.8273130000000001 0.02464 0.06526
15 0.27698700000000004 0.613853 0.025946 0.05779
15 0.801407 0.5552830000000001 0.026596 0.060256
15 0.6510990000000001 0.432494 0.025478 0.055206
15 0.958525 0.47398 0.02714 0.058272
15 0.7712249999999999 0.124567 0.025666 0.054442
15 0.126438 0.837324 0.025906 0.056298
15 0.498488 0.747513 0.02117 0.047252
15 0.527273 0.859597 0.022556 0.064446
15 0.271296 0.39079600000000003 0.022146 0.047324
