15 0.617824 0.553267 0.026108 0.063766
15 0.226295 0.17915899999999998 0.028582 0.06043
15 0.115105 0.747111 0.028396 0.05524
15 0.298702 0.7542580000000001 0.025294 0.061978
15 0.405225 0.827368 0.023752 0.062478
15 0.861894 0.21559699999999998 0.0277 0.058324
15 0.8013159999999999 0.555805 0.026884 0.060204
15 0.187271 0.401542 0.025642 0.052946
15 0.7709499999999999 0.124246 0.025594 0.053618
15 0.95879 0.472037 0.030656 0.053124
15 0.876703 0.49146500000000004 0.024124 0.053564
15 0.49868500000000004 0.747517 0.021406 0.047968
15 0.37587600000000004 0.36354800000000004 0.026742 0.059826
15 0.087092 0.836348 0.026368 0.052352
15 0.5272359999999999 0.860249 0.022152 0.065396
15 0.27178800000000003 0.390395 0.021704 0.047258
