15 0.617702 0.552785 0.025698 0.063644
15 0.22611699999999998 0.17890499999999998 0.02846 0.061264
15 0.40451 0.826015 0.02594 0.065698
15 0.29858799999999996 0.754866 0.025476 0.06206
15 0.345914 0.7766759999999999 0.02534 0.061286
15 0.861831 0.21512699999999998 0.027604 0.057612
15 0.801168 0.555739 0.026956 0.060756
15 0.7710199999999999 0.124904 0.025766 0.054084
15 0.12642599999999998 0.83717 0.025984 0.05691
15 0.9586480000000001 0.474016 0.027884 0.057782
15 0.2181 0.571885 0.023982 0.049536
15 0.876566 0.49148400000000003 0.024378 0.053954
15 0.498593 0.747427 0.021358 0.047594
15 0.527348 0.8601759999999999 0.022844 0.064322
15 0.27141899999999997 0.39106399999999997 0.022288 0.047272
