15 0.617738 0.5531699999999999 0.025792 0.063354
15 0.11507600000000001 0.747215 0.028544 0.055466
15 0.298691 0.754335 0.025482 0.062084
15 0.404884 0.825636 0.025274 0.06324
15 0.8617450000000001 0.215628 0.027694 0.058088
15 0.228095 0.18195699999999998 0.027856 0.063468
15 0.801309 0.5560980000000001 0.027258 0.061754
15 0.958663 0.47203399999999995 0.030774 0.053506
15 0.7710899999999999 0.124329 0.025642 0.052994
15 0.876619 0.49164399999999997 0.02431 0.053394
15 0.498611 0.74758 0.02148 0.048348
15 0.375705 0.36386 0.026128 0.05913
15 0.086991 0.836357 0.026668 0.052608
15 0.187348 0.402226 0.023036 0.04785
15 0.527266 0.860023 0.022602 0.065328
15 0.271562 0.390832 0.021688 0.045954
