15 0.617736 0.553328 0.026174 0.063218
15 0.226134 0.17897200000000002 0.028496 0.060796
15 0.840664 0.329599 0.027772 0.058796
15 0.29838 0.754552 0.025106 0.060888
15 0.40518200000000004 0.827399 0.024352 0.064818
15 0.276855 0.614099 0.0258 0.057396
15 0.8012509999999999 0.555579 0.02673 0.060024
15 0.771216 0.12470200000000001 0.026008 0.055328
15 0.126525 0.837164 0.026008 0.05727
15 0.958596 0.471539 0.030268 0.052966
15 0.876795 0.491413 0.023778 0.052214
15 0.49838099999999996 0.747922 0.021562 0.047882
15 0.527405 0.8601340000000001 0.0227 0.063868
15 0.271434 0.391258 0.022136 0.04705
