15 0.617752 0.553206 0.02585 0.06379
15 0.22610899999999998 0.179064 0.028506 0.06107
15 0.861772 0.215549 0.027536 0.05776
15 0.801178 0.55585 0.027178 0.06113
15 0.27649399999999996 0.6143320000000001 0.02521 0.055438
15 0.404591 0.827193 0.023176 0.061388
15 0.7710480000000001 0.124673 0.02577 0.054218
15 0.958534 0.471934 0.030592 0.053436
15 0.351186 0.738988 0.026586 0.060714
15 0.8765270000000001 0.491583 0.024386 0.054536
15 0.49842 0.747463 0.021094 0.047322
15 0.271321 0.391173 0.022474 0.047604
15 0.5272519999999999 0.859551 0.021628 0.063162
15 0.298348 0.7521570000000001 0.020598 0.047676
