15 0.6177819999999999 0.5531290000000001 0.025836 0.063762
15 0.22609400000000002 0.179109 0.028438 0.061062
15 0.861776 0.215464 0.02754 0.057612
15 0.801136 0.5558219999999999 0.027142 0.061022
15 0.276505 0.614415 0.0251 0.054942
15 0.404725 0.827634 0.023118 0.06134
15 0.77099 0.124765 0.025726 0.05415
15 0.9586680000000001 0.474053 0.02781 0.057674
15 0.351845 0.738584 0.026432 0.059938
15 0.876554 0.491562 0.024358 0.05443
15 0.498472 0.747538 0.021082 0.047398
15 0.27133 0.391187 0.022414 0.04739
15 0.527231 0.8595379999999999 0.021778 0.063222
15 0.298941 0.752521 0.021296 0.04831
