15 0.617864 0.552855 0.025522 0.06303
15 0.22591999999999998 0.178705 0.028286 0.06196
15 0.415187 0.166002 0.026582 0.056778
15 0.29847599999999996 0.754564 0.025338 0.060846
15 0.404864 0.827694 0.024678 0.064888
15 0.276779 0.614135 0.025878 0.057448
15 0.801191 0.554967 0.026626 0.060676
15 0.7713319999999999 0.12425 0.025726 0.055046
15 0.9584360000000001 0.474231 0.027028 0.058098
15 0.126447 0.836982 0.025866 0.055898
15 0.498572 0.7474900000000001 0.021468 0.048156
15 0.52742 0.86021 0.023082 0.064856
15 0.271316 0.39052 0.021934 0.047206
