15 0.617755 0.553195 0.025848 0.063802
15 0.226108 0.179062 0.0285 0.061068
15 0.861748 0.215731 0.027572 0.058236
15 0.801178 0.555851 0.027188 0.061164
15 0.2765 0.614369 0.025196 0.055352
15 0.404599 0.8272079999999999 0.023044 0.061326
15 0.7710509999999999 0.124667 0.025764 0.05419
15 0.958563 0.47195 0.030626 0.05348
15 0.351141 0.7390249999999999 0.026602 0.060582
15 0.876553 0.4917 0.02441 0.054776
15 0.498406 0.7474829999999999 0.02112 0.0474
15 0.27132199999999995 0.391184 0.02248 0.04758
15 0.5272530000000001 0.859632 0.021724 0.063262
15 0.298345 0.752075 0.020494 0.04759
