15 0.617913 0.553002 0.025798 0.063608
15 0.225967 0.17851599999999998 0.0284 0.061478
15 0.298399 0.754617 0.02536 0.060788
15 0.404997 0.827598 0.024396 0.064598
15 0.276831 0.61397 0.025796 0.057272
15 0.801188 0.555261 0.026728 0.0602
15 0.840708 0.329626 0.026278 0.054546
15 0.126283 0.837163 0.0259 0.056332
15 0.9584079999999999 0.47142700000000004 0.030436 0.053328
15 0.8767020000000001 0.491107 0.024002 0.053466
15 0.498419 0.74744 0.02118 0.04741
15 0.271304 0.390599 0.022096 0.047302
15 0.5271899999999999 0.858845 0.022074 0.06491
15 0.7698889999999999 0.12248099999999999 0.02215 0.05367
