15 0.617846 0.553333 0.02616 0.06395
15 0.227229 0.181865 0.028064 0.063182
15 0.115083 0.747204 0.028396 0.055316
15 0.29868100000000003 0.754246 0.02524 0.06168
15 0.8618600000000001 0.215963 0.027632 0.05887
15 0.405187 0.827407 0.023892 0.06265
15 0.801311 0.5558749999999999 0.027058 0.060898
15 0.18723 0.401683 0.02556 0.052678
15 0.7709980000000001 0.124221 0.025562 0.053476
15 0.958721 0.474126 0.027686 0.0576
15 0.876491 0.491812 0.02424 0.053516
15 0.498676 0.747557 0.021454 0.04803
15 0.37578900000000004 0.363476 0.026634 0.059902
15 0.086973 0.836311 0.026384 0.052144
15 0.527201 0.860213 0.02217 0.06497
15 0.27175 0.390478 0.021734 0.04719
