15 0.6176849999999999 0.553485 0.02615 0.063748
15 0.404489 0.8264090000000001 0.026646 0.067036
15 0.226239 0.17931 0.028742 0.06074
15 0.29873 0.754807 0.025582 0.062204
15 0.27286299999999997 0.612593 0.026562 0.05655
15 0.86159 0.215972 0.027588 0.059006
15 0.8011640000000001 0.55645 0.027408 0.061992
15 0.350828 0.7361329999999999 0.02647 0.06232
15 0.771065 0.12557 0.026022 0.056104
15 0.126255 0.838039 0.026098 0.057056
15 0.9586220000000001 0.474256 0.027824 0.05795
15 0.876538 0.492056 0.024308 0.053568
15 0.498525 0.748051 0.021632 0.048584
15 0.271447 0.391378 0.022742 0.048606
15 0.527296 0.859966 0.022822 0.065062
