15 0.617743 0.5533100000000001 0.026032 0.063846
15 0.227053 0.181671 0.027994 0.063456
15 0.861853 0.215515 0.027714 0.05808
15 0.801164 0.5558390000000001 0.026888 0.060418
15 0.27656000000000003 0.614395 0.025194 0.055126
15 0.40468000000000004 0.8261139999999999 0.029074 0.062852
15 0.771187 0.124996 0.025658 0.054228
15 0.9584980000000001 0.47178299999999995 0.02794 0.056506
15 0.351284 0.738057 0.026218 0.060528
15 0.876626 0.491769 0.024292 0.053776
15 0.498473 0.747592 0.020838 0.046604
15 0.271528 0.39098099999999997 0.02215 0.047326
15 0.5271979999999999 0.859691 0.021618 0.063134
15 0.298787 0.751546 0.020696 0.046996
