15 0.617755 0.5532290000000001 0.026086 0.063344
15 0.225877 0.17842999999999998 0.028242 0.06181
15 0.404006 0.826058 0.029852 0.062462
15 0.298474 0.754652 0.025466 0.061142
15 0.276993 0.6139749999999999 0.02595 0.05767
15 0.801073 0.554904 0.02648 0.059794
15 0.639403 0.828426 0.02672 0.060188
15 0.958477 0.47414 0.027336 0.058558
15 0.771208 0.124667 0.025656 0.05375
15 0.126497 0.837093 0.025716 0.055814
15 0.528062 0.860729 0.021422 0.059256
15 0.27142499999999997 0.390747 0.022284 0.047338
