15 0.617835 0.553021 0.025784 0.063602
15 0.226215 0.179179 0.028428 0.060714
15 0.298571 0.754879 0.025994 0.064454
15 0.404731 0.825844 0.0259 0.065174
15 0.243114 0.750425 0.026282 0.057436
15 0.861799 0.215597 0.027866 0.058078
15 0.801305 0.555743 0.026902 0.060392
15 0.771291 0.125303 0.026028 0.055896
15 0.12623 0.837745 0.025848 0.057026
15 0.9586410000000001 0.471754 0.03065 0.053378
15 0.876705 0.491712 0.024038 0.052924
15 0.498412 0.747769 0.021576 0.04884
15 0.37555700000000003 0.36330799999999996 0.026522 0.059592
15 0.271352 0.391128 0.022606 0.047928
15 0.527389 0.860267 0.022942 0.065062
