15 0.617766 0.553253 0.026138 0.063122
15 0.226141 0.178934 0.028632 0.061112
15 0.8407 0.329479 0.027752 0.05876
15 0.29835599999999995 0.754588 0.025152 0.060774
15 0.40518899999999997 0.827482 0.02443 0.064794
15 0.27687100000000003 0.614165 0.025788 0.057334
15 0.801238 0.5553950000000001 0.02664 0.059892
15 0.771134 0.124565 0.025988 0.055308
15 0.12664999999999998 0.837077 0.025844 0.05693
15 0.95855 0.471492 0.030234 0.052896
15 0.876814 0.491493 0.023676 0.051856
15 0.49844 0.7476200000000001 0.021506 0.047994
15 0.527447 0.860174 0.022996 0.063902
15 0.271388 0.391169 0.022186 0.047158
