15 0.617756 0.553131 0.025996 0.063048
15 0.225883 0.17833300000000002 0.028312 0.06229
15 0.29835799999999996 0.754471 0.025596 0.06128
15 0.404077 0.8259299999999999 0.02959 0.063148
15 0.277014 0.613944 0.025934 0.0577
15 0.638416 0.825229 0.027434 0.05819
15 0.801009 0.5544990000000001 0.026354 0.059514
15 0.958482 0.473917 0.02711 0.057952
15 0.126414 0.83692 0.025992 0.056696
15 0.7710779999999999 0.124503 0.025726 0.053764
15 0.528851 0.861062 0.02505 0.065852
15 0.271213 0.39052 0.022234 0.047326
