15 0.617777 0.553434 0.026048 0.063714
15 0.227153 0.181859 0.028152 0.063818
15 0.11521500000000001 0.747062 0.028542 0.055712
15 0.298842 0.754374 0.025186 0.061934
15 0.40539400000000003 0.827362 0.02429 0.0647
15 0.861827 0.21572 0.027676 0.058242
15 0.8012459999999999 0.5558259999999999 0.027092 0.061416
15 0.187306 0.401395 0.02601 0.054086
15 0.771126 0.124514 0.025636 0.054422
15 0.958854 0.472006 0.030748 0.053628
15 0.876545 0.492201 0.02444 0.054326
15 0.498609 0.747639 0.021478 0.048334
15 0.375744 0.363436 0.026366 0.059964
15 0.08719600000000001 0.836031 0.02654 0.05256
15 0.271899 0.39048900000000003 0.021732 0.046892
15 0.5271939999999999 0.859569 0.022298 0.06447
