15 0.617826 0.5532549999999999 0.02582 0.062868
15 0.41708199999999995 0.162906 0.025156 0.06038
15 0.22596 0.17880300000000002 0.028372 0.061524
15 0.29845099999999997 0.7544839999999999 0.025284 0.060846
15 0.404882 0.8275779999999999 0.024698 0.06496
15 0.27679400000000004 0.614051 0.025784 0.057322
15 0.801095 0.55517 0.026786 0.061234
15 0.958375 0.47403700000000004 0.027288 0.058872
15 0.771281 0.124342 0.02562 0.054724
15 0.126307 0.837098 0.025902 0.056028
15 0.49853600000000003 0.74745 0.021352 0.047826
15 0.527412 0.860314 0.023164 0.065018
15 0.271304 0.39042 0.02186 0.047156
