15 0.61784 0.553013 0.02578 0.063652
15 0.298629 0.75488 0.02604 0.0645
15 0.404746 0.825725 0.025934 0.065032
15 0.227118 0.18203 0.027948 0.06312
15 0.243091 0.750569 0.026176 0.057428
15 0.861789 0.21577600000000002 0.027838 0.058528
15 0.801315 0.555685 0.026902 0.060796
15 0.771289 0.125266 0.02602 0.055678
15 0.126302 0.837653 0.025892 0.057132
15 0.958661 0.471797 0.030646 0.053388
15 0.876683 0.491788 0.024104 0.05308
15 0.498427 0.7477820000000001 0.021616 0.04892
15 0.375616 0.36329999999999996 0.02658 0.059692
15 0.271377 0.391081 0.022374 0.047772
15 0.527286 0.859872 0.022512 0.065652
