15 0.617751 0.553271 0.025846 0.063462
15 0.226142 0.1788 0.02855 0.060988
15 0.298534 0.754818 0.02532 0.061184
15 0.840848 0.32942099999999996 0.027776 0.059024
15 0.40453500000000003 0.82617 0.025614 0.064012
15 0.27680699999999997 0.6142070000000001 0.02569 0.057174
15 0.801174 0.555865 0.02661 0.059906
15 0.126467 0.837357 0.0261 0.05753
15 0.9585290000000001 0.47368099999999996 0.027608 0.058194
15 0.771103 0.12459500000000001 0.025636 0.053242
15 0.876731 0.491317 0.024094 0.053778
15 0.498435 0.747868 0.021344 0.048552
15 0.271437 0.39097000000000004 0.021928 0.0469
15 0.527185 0.859507 0.02201 0.065558
