15 0.617701 0.553021 0.02588 0.063026
15 0.226023 0.17873 0.028562 0.061224
15 0.840829 0.32978399999999997 0.02804 0.059286
15 0.298428 0.754747 0.02536 0.061138
15 0.404976 0.827391 0.024522 0.064572
15 0.276744 0.6139749999999999 0.02573 0.057354
15 0.8012050000000001 0.555224 0.026574 0.059876
15 0.126405 0.837317 0.025858 0.056824
15 0.771215 0.124532 0.025522 0.053854
15 0.958449 0.473224 0.02713 0.057036
15 0.8767820000000001 0.49138 0.023946 0.052936
15 0.498504 0.747572 0.021106 0.04765
15 0.5272939999999999 0.859864 0.022668 0.06484
15 0.271332 0.39095 0.0221 0.047222
