15 0.617835 0.5530349999999999 0.025714 0.063338
15 0.22588599999999998 0.1785 0.028338 0.061914
15 0.298483 0.754428 0.025344 0.060862
15 0.4152 0.165828 0.026504 0.056078
15 0.404865 0.8276549999999999 0.024176 0.064382
15 0.27693700000000004 0.6139249999999999 0.025792 0.057102
15 0.801152 0.555245 0.026608 0.060294
15 0.126186 0.837177 0.025944 0.05622
15 0.958684 0.47425999999999996 0.02721 0.05819
15 0.771587 0.123175 0.026326 0.053192
15 0.498356 0.747638 0.02112 0.047644
15 0.271421 0.390878 0.022142 0.047542
15 0.527145 0.859537 0.022238 0.065292
