15 0.617779 0.5535399999999999 0.026012 0.063276
15 0.227283 0.182062 0.028168 0.063486
15 0.11521999999999999 0.747065 0.028656 0.055488
15 0.40504 0.826037 0.025364 0.06334
15 0.298734 0.7546109999999999 0.025274 0.061656
15 0.861891 0.215483 0.02766 0.057834
15 0.801392 0.5563760000000001 0.02681 0.06004
15 0.771072 0.124945 0.025634 0.05397
15 0.958866 0.472272 0.030848 0.053266
15 0.187381 0.40171399999999996 0.02535 0.052314
15 0.876838 0.491727 0.024236 0.053894
15 0.498572 0.747874 0.021632 0.048696
15 0.37571899999999997 0.363515 0.026562 0.059754
15 0.087103 0.836156 0.026608 0.052536
15 0.271756 0.39070900000000003 0.02167 0.047018
15 0.527272 0.8598739999999999 0.021984 0.065562
