15 0.6177830000000001 0.5530459999999999 0.025716 0.063208
15 0.226184 0.178738 0.028702 0.061088
15 0.840821 0.329476 0.02779 0.059036
15 0.29848800000000003 0.754509 0.025278 0.060282
15 0.405011 0.827442 0.024788 0.06466
15 0.277023 0.614075 0.025806 0.057452
15 0.801295 0.555239 0.026578 0.060038
15 0.126245 0.837635 0.025998 0.056594
15 0.9585659999999999 0.47327600000000003 0.027186 0.057092
15 0.771238 0.12421399999999999 0.025542 0.05327
15 0.8768699999999999 0.491212 0.023944 0.053286
15 0.49844 0.74764 0.021376 0.048116
15 0.527352 0.8600140000000001 0.022658 0.064848
15 0.27148500000000003 0.390945 0.022136 0.047066
