15 0.6178750000000001 0.553121 0.025522 0.06274
15 0.22599899999999998 0.178528 0.028396 0.061842
15 0.298491 0.754544 0.02541 0.061086
15 0.40492 0.827549 0.024366 0.064404
15 0.276948 0.613994 0.025838 0.057698
15 0.585622 0.31435599999999997 0.025096 0.057144
15 0.801211 0.5551649999999999 0.02654 0.060072
15 0.958456 0.474004 0.027198 0.05865
15 0.771407 0.124323 0.025456 0.05446
15 0.126467 0.837091 0.02607 0.056878
15 0.498553 0.747503 0.021282 0.047604
15 0.527234 0.8596630000000001 0.022676 0.064918
15 0.271425 0.39041600000000004 0.022008 0.047328
