15 0.617787 0.5531459999999999 0.025818 0.063786
15 0.226163 0.179094 0.028572 0.06104
15 0.404729 0.827511 0.024004 0.063678
15 0.276543 0.6143 0.025408 0.056212
15 0.861928 0.215551 0.027662 0.057808
15 0.801226 0.5557580000000001 0.027158 0.061182
15 0.350724 0.7359749999999999 0.028964 0.06151
15 0.298794 0.753665 0.024862 0.059222
15 0.958658 0.47197999999999996 0.03073 0.053684
15 0.771009 0.124792 0.025748 0.054182
15 0.876629 0.491621 0.024458 0.05455
15 0.49852 0.747502 0.02124 0.047864
15 0.126682 0.837293 0.023398 0.053634
15 0.27141699999999996 0.391251 0.0225 0.047906
15 0.527334 0.860138 0.0225 0.064708
