15 0.617718 0.553164 0.02586 0.063954
15 0.227167 0.18118499999999998 0.027394 0.06291
15 0.405219 0.8274 0.024354 0.063784
15 0.298659 0.7541530000000001 0.02461 0.06133
15 0.861958 0.21522 0.02763 0.05754
15 0.801294 0.55567 0.026954 0.060854
15 0.122352 0.8465630000000001 0.024702 0.0599
15 0.7709670000000001 0.124825 0.025878 0.054876
15 0.958687 0.47168699999999997 0.031016 0.054236
15 0.21143900000000002 0.7441850000000001 0.024492 0.05262
15 0.876595 0.491672 0.02434 0.05419
15 0.498442 0.7477560000000001 0.021358 0.047708
15 0.37546 0.363159 0.026398 0.059624
15 0.27131900000000003 0.391011 0.022352 0.046848
15 0.527209 0.860231 0.022648 0.066266
