15 0.617799 0.552631 0.025492 0.062742
15 0.226051 0.17797000000000002 0.02838 0.06269
15 0.404207 0.825972 0.029548 0.062608
15 0.298374 0.754421 0.02535 0.061186
15 0.27703799999999995 0.6135010000000001 0.025924 0.057568
15 0.801227 0.554643 0.026802 0.060764
15 0.958665 0.473684 0.02718 0.05882
15 0.771071 0.12418799999999999 0.025866 0.054696
15 0.126455 0.836826 0.025998 0.056738
15 0.43198699999999995 0.275557 0.024326 0.057286
15 0.498382 0.747211 0.021108 0.04765
15 0.527272 0.858702 0.02247 0.0654
15 0.271349 0.390652 0.022232 0.047508
