15 0.617801 0.553322 0.026054 0.062986
15 0.22599 0.178674 0.028408 0.061562
15 0.40408299999999997 0.8264279999999999 0.029632 0.062072
15 0.298447 0.7543150000000001 0.025368 0.06099
15 0.276968 0.614223 0.025876 0.057366
15 0.41526199999999996 0.166472 0.026002 0.054626
15 0.8012090000000001 0.554797 0.026798 0.060586
15 0.958424 0.474027 0.027096 0.058132
15 0.7711210000000001 0.124835 0.025778 0.054676
15 0.126385 0.8374889999999999 0.025886 0.056714
15 0.49835 0.747722 0.02113 0.047494
15 0.527295 0.859815 0.022166 0.065048
15 0.271277 0.39061 0.021828 0.046806
