15 0.617617 0.5532950000000001 0.026066 0.063114
15 0.840118 0.321828 0.027636 0.058966
15 0.298415 0.754595 0.025264 0.06033
15 0.276955 0.613621 0.025306 0.056844
15 0.40473800000000004 0.826456 0.025414 0.063226
15 0.8012509999999999 0.5555030000000001 0.02684 0.060434
15 0.958693 0.47381 0.027256 0.05697
15 0.771164 0.124662 0.02578 0.054272
15 0.8765580000000001 0.491809 0.023856 0.05271
15 0.126677 0.836782 0.026138 0.056022
15 0.224653 0.178125 0.023476 0.057514
15 0.49844299999999997 0.7475080000000001 0.021396 0.047546
15 0.27152099999999996 0.390584 0.02238 0.047532
15 0.527298 0.8597739999999999 0.022188 0.06351
