15 0.617688 0.553319 0.026056 0.063332
15 0.226163 0.17920799999999998 0.02854 0.060646
15 0.404486 0.826404 0.026232 0.06621
15 0.298782 0.754752 0.02539 0.061896
15 0.276729 0.614001 0.025812 0.058002
15 0.8617049999999999 0.215968 0.027672 0.059072
15 0.801179 0.5563 0.02738 0.061866
15 0.351233 0.73458 0.029734 0.064482
15 0.771041 0.12531 0.025944 0.05565
15 0.126271 0.83776 0.026238 0.057572
15 0.958587 0.47212299999999996 0.030676 0.053738
15 0.876523 0.49197199999999996 0.024288 0.05365
15 0.498576 0.747966 0.021448 0.048184
15 0.271415 0.391299 0.022428 0.047956
15 0.527236 0.8597239999999999 0.022426 0.064468
