15 0.617783 0.553142 0.02583 0.063774
15 0.22613999999999998 0.179062 0.02851 0.061082
15 0.404659 0.827451 0.02349 0.061978
15 0.8619290000000001 0.215558 0.027654 0.057806
15 0.801226 0.55576 0.027156 0.061174
15 0.276511 0.61435 0.02512 0.055442
15 0.350885 0.735668 0.028102 0.059698
15 0.771009 0.124785 0.025746 0.05417
15 0.95863 0.471993 0.030692 0.053594
15 0.298981 0.7535449999999999 0.023326 0.0554
15 0.87662 0.491575 0.024436 0.054538
15 0.498501 0.747514 0.021212 0.047746
15 0.271368 0.39124600000000004 0.022506 0.047618
15 0.126179 0.837429 0.024164 0.05216
15 0.527291 0.859727 0.021982 0.063932
