15 0.617748 0.553267 0.025852 0.063462
15 0.226144 0.178787 0.02855 0.061004
15 0.298537 0.754829 0.025324 0.06122
15 0.840831 0.329669 0.027698 0.058726
15 0.404543 0.826156 0.025608 0.06399
15 0.276807 0.61421 0.025688 0.057182
15 0.801157 0.555855 0.026704 0.06011
15 0.126467 0.837364 0.026078 0.057478
15 0.958438 0.473697 0.027488 0.057866
15 0.771167 0.124843 0.025568 0.053762
15 0.876743 0.491444 0.023992 0.053622
15 0.498421 0.747849 0.021364 0.048562
15 0.271435 0.39096 0.02191 0.046894
15 0.527169 0.859515 0.022022 0.065572
