15 0.19685 0.42989299999999997 0.026932 0.062604
15 0.221578 0.40581399999999995 0.02669 0.057962
15 0.196963 0.37753600000000004 0.025422 0.058362
15 0.75727 0.823937 0.02514 0.0605
15 0.291778 0.475707 0.029254 0.061528
15 0.196536 0.574041 0.025792 0.056114
15 0.194842 0.52561 0.025256 0.055232
15 0.267694 0.457235 0.028434 0.060392
15 0.24424900000000002 0.523875 0.030886 0.067374
15 0.24517 0.427438 0.02628 0.064454
15 0.195901 0.4774 0.02735 0.051152
15 0.24342 0.478853 0.02555 0.055638
15 0.267642 0.500003 0.032952 0.071306
15 0.219839 0.494704 0.026554 0.066716
15 0.21796200000000002 0.546503 0.028718 0.061194
15 0.221302 0.450021 0.028466 0.047384
15 0.200532 0.512194 0.025734 0.065998
15 0.232536 0.506127 0.027912 0.074152
15 0.25696399999999997 0.5151519999999999 0.032322 0.078666
15 0.282562 0.482819 0.030482 0.067104
15 0.22718500000000003 0.463276 0.03139 0.069728
