15 0.33032999999999996 0.6842 0.026608 0.058584
15 0.174784 0.251241 0.027958 0.062216
15 0.6128990000000001 0.751583 0.027346 0.060838
15 0.58384 0.150278 0.026148 0.062954
15 0.391963 0.373423 0.025894 0.059776
15 0.132533 0.650029 0.027082 0.062994
15 0.216883 0.413128 0.02537 0.057652
15 0.379851 0.5135850000000001 0.025042 0.064762
15 0.229115 0.6238549999999999 0.02656 0.058072
15 0.298906 0.357213 0.025168 0.060162
15 0.247132 0.473562 0.024036 0.053944
15 0.273066 0.443954 0.027312 0.060046
15 0.177806 0.689594 0.02501 0.055436
15 0.236865 0.85018 0.023514 0.056094
15 0.41092 0.423263 0.021002 0.062482
15 0.264131 0.825434 0.020354 0.055652
