15 0.6177579999999999 0.553212 0.02598 0.062888
15 0.225897 0.17836200000000002 0.028306 0.062132
15 0.298344 0.754513 0.025606 0.061306
15 0.404107 0.8259730000000001 0.029618 0.06306
15 0.277025 0.613913 0.02591 0.05759
15 0.638293 0.825583 0.027868 0.05751
15 0.801044 0.554575 0.026378 0.059666
15 0.958403 0.473854 0.027022 0.057808
15 0.126437 0.836937 0.026076 0.056942
15 0.7711070000000001 0.124517 0.02574 0.053654
15 0.52736 0.8595579999999999 0.023554 0.065176
15 0.271218 0.390561 0.022244 0.04735
