15 0.617747 0.553264 0.025832 0.063498
15 0.22617 0.178865 0.02853 0.060826
15 0.840844 0.32962800000000003 0.027882 0.0592
15 0.298535 0.7548210000000001 0.025286 0.061106
15 0.40452099999999996 0.826101 0.025612 0.06416
15 0.276822 0.6141460000000001 0.025684 0.057144
15 0.8012050000000001 0.556086 0.026796 0.060498
15 0.126349 0.837367 0.026068 0.057582
15 0.958444 0.47175300000000003 0.03061 0.053798
15 0.7711049999999999 0.12485399999999999 0.025758 0.053658
15 0.87679 0.49142399999999997 0.024106 0.053708
15 0.49840999999999996 0.747887 0.021384 0.048616
15 0.271444 0.390957 0.021938 0.046922
15 0.527169 0.859429 0.021922 0.065252
