15 0.617815 0.552966 0.025556 0.063178
15 0.225963 0.17875 0.028382 0.06149
15 0.29842399999999997 0.754588 0.0254 0.06108
15 0.404899 0.827536 0.024638 0.064872
15 0.276779 0.614026 0.02576 0.05734
15 0.8010309999999999 0.555091 0.026808 0.061064
15 0.483284 0.132593 0.024994 0.060818
15 0.9583090000000001 0.473974 0.027284 0.058692
15 0.126311 0.837079 0.025988 0.056756
15 0.771271 0.12419000000000001 0.025632 0.053932
15 0.498571 0.747481 0.021388 0.047958
15 0.527307 0.859588 0.022638 0.06482
15 0.271395 0.390395 0.022014 0.047418
