15 0.617756 0.553466 0.025984 0.063236
15 0.22723400000000002 0.18201099999999998 0.02811 0.063526
15 0.115181 0.747071 0.028642 0.05543
15 0.404965 0.825987 0.025368 0.063428
15 0.29873 0.754597 0.025274 0.06165
15 0.861857 0.215557 0.027682 0.057672
15 0.8013089999999999 0.5563750000000001 0.02677 0.059968
15 0.7710589999999999 0.12487599999999999 0.02568 0.054186
15 0.187348 0.401673 0.0254 0.05248
15 0.958734 0.472237 0.030726 0.053278
15 0.876831 0.49172400000000005 0.024164 0.053676
15 0.49857 0.7478929999999999 0.021644 0.048676
15 0.375687 0.363543 0.026558 0.059864
15 0.087128 0.836226 0.026524 0.052432
15 0.271717 0.390857 0.021772 0.047164
15 0.52724 0.859771 0.021986 0.065524
