15 0.617743 0.55313 0.02574 0.063402
15 0.22730499999999998 0.181724 0.028282 0.06385
15 0.115076 0.7473479999999999 0.028274 0.054952
15 0.29866 0.754359 0.025408 0.062334
15 0.405237 0.827112 0.024162 0.063788
15 0.8617309999999999 0.21559999999999999 0.027688 0.058046
15 0.801275 0.556012 0.027196 0.0615
15 0.958637 0.471969 0.030708 0.053482
15 0.18738100000000002 0.401557 0.025438 0.052386
15 0.771088 0.124282 0.025634 0.053002
15 0.876618 0.491689 0.024314 0.053416
15 0.4986 0.747702 0.021454 0.04825
15 0.087044 0.836423 0.026526 0.05237
15 0.375525 0.362914 0.025092 0.058222
15 0.5272570000000001 0.860067 0.022504 0.065344
15 0.271603 0.39059 0.02181 0.04728
