15 0.6177130000000001 0.553268 0.026094 0.063436
15 0.22612500000000002 0.178977 0.028546 0.060738
15 0.840657 0.329561 0.027758 0.058694
15 0.29831599999999997 0.754566 0.025168 0.06118
15 0.405165 0.827416 0.024398 0.06484
15 0.27689 0.6141 0.025826 0.057326
15 0.801218 0.555639 0.026758 0.060184
15 0.12648500000000001 0.837222 0.026048 0.057318
15 0.771231 0.12465200000000001 0.025904 0.054884
15 0.9585549999999999 0.471503 0.030236 0.053008
15 0.876698 0.491477 0.023784 0.052458
15 0.49835100000000004 0.747913 0.021534 0.047894
15 0.527357 0.86007 0.022572 0.064034
15 0.271458 0.391229 0.022148 0.047056
