15 0.196768 0.429772 0.02697 0.06285
15 0.221524 0.40587100000000004 0.026844 0.058312
15 0.19684 0.377622 0.025424 0.058392
15 0.75695 0.8241350000000001 0.025596 0.060774
15 0.291871 0.475713 0.029228 0.061952
15 0.19653 0.573945 0.025836 0.05593
15 0.267714 0.457473 0.02856 0.060612
15 0.194717 0.525318 0.02542 0.055018
15 0.244272 0.524057 0.030916 0.067986
15 0.24538000000000001 0.427884 0.026536 0.064078
15 0.195943 0.477587 0.02737 0.05106
15 0.24351 0.479178 0.025348 0.055226
15 0.267617 0.500034 0.032896 0.071498
15 0.21973299999999998 0.494436 0.02641 0.067044
15 0.21783 0.546371 0.028862 0.06115
15 0.221192 0.449925 0.0283 0.0474
15 0.200517 0.5118779999999999 0.02607 0.065872
15 0.257149 0.514856 0.03234 0.07963
15 0.232443 0.506261 0.028052 0.074448
15 0.282319 0.482942 0.030824 0.067924
15 0.227074 0.46385200000000004 0.031096 0.070158
