15 0.617752 0.553292 0.026022 0.063932
15 0.22620800000000002 0.179051 0.02872 0.061168
15 0.861749 0.215509 0.027588 0.058234
15 0.404776 0.827565 0.02366 0.063018
15 0.276598 0.6143959999999999 0.025416 0.05557
15 0.298803 0.754545 0.024918 0.059336
15 0.801147 0.555995 0.026836 0.060492
15 0.351622 0.735574 0.030188 0.062938
15 0.771191 0.125061 0.025636 0.054044
15 0.9584440000000001 0.47172400000000003 0.027924 0.056532
15 0.876617 0.491796 0.024282 0.053748
15 0.498552 0.747708 0.02102 0.047148
15 0.271512 0.39104599999999995 0.02223 0.047406
15 0.527226 0.860132 0.022354 0.064094
