15 0.617728 0.553203 0.025756 0.063852
15 0.11491799999999999 0.747076 0.0285 0.055076
15 0.29867 0.7542979999999999 0.025346 0.061578
15 0.405233 0.827319 0.024416 0.064108
15 0.861833 0.215424 0.027672 0.058008
15 0.8013170000000001 0.55601 0.027014 0.060816
15 0.958689 0.472176 0.030782 0.053658
15 0.770874 0.124881 0.025588 0.053682
15 0.187335 0.401522 0.025426 0.052666
15 0.8767130000000001 0.49157999999999996 0.024218 0.05387
15 0.498505 0.7476700000000001 0.021438 0.048084
15 0.08686200000000001 0.8366009999999999 0.026682 0.052682
15 0.375672 0.362757 0.025868 0.058992
15 0.228404 0.179472 0.018434 0.051132
15 0.27159700000000003 0.390303 0.021294 0.04606
15 0.52708 0.859868 0.02204 0.06542
