15 0.617702 0.55293 0.025854 0.063096
15 0.22597899999999999 0.178392 0.028466 0.061784
15 0.298494 0.754607 0.02538 0.061008
15 0.405034 0.827342 0.024656 0.065472
15 0.840723 0.32943500000000003 0.027706 0.058784
15 0.27691 0.613887 0.025806 0.057318
15 0.8011739999999999 0.555497 0.026814 0.06056
15 0.958353 0.471232 0.030322 0.053072
15 0.126445 0.8373440000000001 0.025878 0.05645
15 0.876757 0.49149699999999996 0.024014 0.053078
15 0.49856100000000003 0.7475310000000001 0.021116 0.047266
15 0.527268 0.859554 0.022498 0.064678
15 0.27131299999999997 0.390749 0.022094 0.047272
15 0.769814 0.12263299999999999 0.0218 0.053992
