15 0.617829 0.553068 0.02576 0.063396
15 0.226003 0.17872700000000002 0.028426 0.06114
15 0.298447 0.7545630000000001 0.025296 0.060782
15 0.415203 0.16586499999999998 0.026502 0.056164
15 0.404835 0.8276359999999999 0.024324 0.064622
15 0.27683199999999997 0.613935 0.025662 0.057042
15 0.801057 0.555427 0.026802 0.06084
15 0.771368 0.125083 0.025922 0.054878
15 0.958605 0.474241 0.027234 0.058444
15 0.126207 0.8372919999999999 0.025996 0.056574
15 0.49834 0.747717 0.021218 0.047868
15 0.271406 0.39089599999999997 0.022322 0.047828
15 0.5271560000000001 0.859518 0.022172 0.064846
