15 0.617755 0.553195 0.025846 0.063804
15 0.226112 0.17905400000000002 0.0285 0.061078
15 0.86175 0.215734 0.027574 0.058236
15 0.801177 0.555844 0.027184 0.061154
15 0.27650399999999997 0.614364 0.025196 0.055382
15 0.404613 0.827211 0.023076 0.061382
15 0.77105 0.124669 0.025766 0.054204
15 0.95856 0.47194400000000003 0.030622 0.053474
15 0.351135 0.739058 0.026678 0.060622
15 0.876552 0.49169799999999997 0.02441 0.054784
15 0.498409 0.747486 0.02113 0.047448
15 0.27132 0.391188 0.022482 0.047584
15 0.527254 0.859653 0.021758 0.063304
15 0.29833499999999996 0.7520319999999999 0.02055 0.047718
