15 0.617841 0.5533319999999999 0.026136 0.06394
15 0.227221 0.181853 0.028038 0.062984
15 0.115082 0.747185 0.028398 0.05534
15 0.298673 0.75425 0.025244 0.061648
15 0.861796 0.215979 0.027742 0.058844
15 0.405206 0.8273870000000001 0.023814 0.062596
15 0.801312 0.5558960000000001 0.027058 0.060866
15 0.18723399999999998 0.401642 0.02552 0.052568
15 0.771011 0.124224 0.025566 0.05349
15 0.9587829999999999 0.474128 0.02765 0.057506
15 0.876507 0.49175399999999997 0.024176 0.05329
15 0.49867500000000003 0.747542 0.021456 0.04803
15 0.37579 0.363485 0.026636 0.059874
15 0.08696200000000001 0.836295 0.026348 0.05217
15 0.527234 0.8603270000000001 0.022256 0.064866
15 0.271735 0.390469 0.021726 0.047152
