15 0.617779 0.553149 0.025834 0.063764
15 0.226082 0.179066 0.028502 0.061206
15 0.40475500000000003 0.8275589999999999 0.023344 0.061832
15 0.861733 0.215468 0.027544 0.057662
15 0.801145 0.555838 0.027122 0.06102
15 0.276545 0.61432 0.025188 0.055256
15 0.351713 0.7356280000000001 0.029278 0.060942
15 0.958593 0.474036 0.027894 0.057976
15 0.770996 0.12478800000000001 0.02573 0.054104
15 0.8765419999999999 0.49158799999999997 0.02439 0.054612
15 0.498491 0.747498 0.02113 0.047494
15 0.299288 0.752835 0.022534 0.052426
15 0.27132199999999995 0.391189 0.02248 0.047474
15 0.527213 0.859545 0.021786 0.063484
