15 0.617684 0.553316 0.026046 0.063304
15 0.227029 0.18208800000000003 0.027982 0.063366
15 0.40447999999999995 0.826411 0.026256 0.066204
15 0.298773 0.754724 0.025388 0.061786
15 0.276637 0.613976 0.025838 0.057964
15 0.861651 0.21612599999999998 0.027626 0.058882
15 0.801188 0.556284 0.027372 0.061832
15 0.35088 0.735863 0.026468 0.062902
15 0.771065 0.125303 0.025948 0.055682
15 0.126231 0.837834 0.026182 0.057362
15 0.958696 0.47439099999999995 0.027792 0.0579
15 0.876523 0.491967 0.024278 0.053628
15 0.49856799999999996 0.747952 0.021442 0.048144
15 0.27139 0.391327 0.022486 0.047964
15 0.527223 0.8597360000000001 0.022422 0.06457
