15 0.6176710000000001 0.553001 0.025756 0.063086
15 0.225988 0.178477 0.028412 0.06162
15 0.298496 0.754613 0.025374 0.060938
15 0.405033 0.827381 0.024748 0.065566
15 0.27697900000000003 0.6138699999999999 0.025884 0.05761
15 0.801187 0.555696 0.026552 0.060548
15 0.958451 0.473929 0.027088 0.05816
15 0.7712450000000001 0.125252 0.025438 0.054236
15 0.12647 0.837286 0.025882 0.056452
15 0.911817 0.8065 0.028106 0.05506
15 0.498557 0.747501 0.021152 0.047366
15 0.527284 0.859686 0.022576 0.064676
15 0.271317 0.39075299999999996 0.022118 0.047306
