15 0.617711 0.5534 0.02595 0.063374
15 0.226164 0.179119 0.028522 0.060762
15 0.298531 0.7545080000000001 0.026376 0.064502
15 0.243168 0.7498130000000001 0.02686 0.057382
15 0.405084 0.827342 0.02513 0.064804
15 0.861786 0.215615 0.027932 0.05806
15 0.8010710000000001 0.5558529999999999 0.02716 0.061162
15 0.7712 0.12458699999999999 0.026068 0.055802
15 0.12645699999999999 0.837149 0.025736 0.055186
15 0.958417 0.47178800000000004 0.030776 0.054046
15 0.876461 0.49158399999999997 0.024378 0.054434
15 0.498315 0.747694 0.021582 0.048362
15 0.37557799999999997 0.362791 0.026546 0.059406
15 0.527417 0.860598 0.023156 0.06588
15 0.271453 0.39112600000000003 0.022298 0.047408
