15 0.6177 0.553024 0.025882 0.063022
15 0.22602 0.178733 0.02858 0.061222
15 0.840828 0.329784 0.028038 0.059284
15 0.298429 0.754759 0.025362 0.061156
15 0.404977 0.8273870000000001 0.024532 0.06458
15 0.276745 0.613973 0.025726 0.05736
15 0.8012079999999999 0.555229 0.026576 0.05989
15 0.12640300000000002 0.8373309999999999 0.025864 0.056868
15 0.771217 0.124524 0.025528 0.053858
15 0.958446 0.47323000000000004 0.027132 0.057042
15 0.876782 0.491383 0.023952 0.05295
15 0.498504 0.747574 0.021108 0.047658
15 0.5272939999999999 0.859869 0.022668 0.064858
15 0.271335 0.39095300000000005 0.022104 0.047232
