15 0.617773 0.5533009999999999 0.026022 0.06378
15 0.227299 0.181811 0.028232 0.063516
15 0.115131 0.747427 0.028392 0.054906
15 0.29869 0.754453 0.025402 0.062272
15 0.404917 0.825662 0.025236 0.063434
15 0.861751 0.215616 0.027668 0.058002
15 0.801312 0.5561010000000001 0.02723 0.061376
15 0.7710840000000001 0.124735 0.02581 0.053868
15 0.9587640000000001 0.47200800000000004 0.030728 0.053324
15 0.187274 0.40140200000000004 0.025406 0.052308
15 0.876611 0.491765 0.024246 0.053162
15 0.49863900000000005 0.747621 0.02148 0.0484
15 0.375735 0.363404 0.026166 0.059034
15 0.08706699999999999 0.836366 0.026576 0.052462
15 0.271745 0.390912 0.021876 0.047082
15 0.5272009999999999 0.859825 0.022382 0.065534
