15 0.61777 0.553016 0.025676 0.063342
15 0.22619699999999998 0.17875000000000002 0.028668 0.06097
15 0.298485 0.754543 0.025264 0.06022
15 0.840834 0.329485 0.02783 0.059016
15 0.40502000000000005 0.827442 0.02475 0.064648
15 0.27702 0.614059 0.02576 0.057272
15 0.8012779999999999 0.555248 0.026598 0.060092
15 0.126269 0.8375790000000001 0.025946 0.056588
15 0.958576 0.471184 0.030244 0.053262
15 0.771217 0.1242 0.025554 0.053234
15 0.8768750000000001 0.49118399999999995 0.023986 0.053398
15 0.49845 0.7477090000000001 0.021398 0.048194
15 0.527309 0.859883 0.02247 0.064824
15 0.27148700000000003 0.390911 0.022082 0.046958
