15 0.617815 0.55327 0.026074 0.063682
15 0.227161 0.18188 0.028002 0.06292
15 0.115081 0.747072 0.028526 0.05523
15 0.29869599999999996 0.7542760000000001 0.02543 0.062292
15 0.404892 0.825785 0.025014 0.062418
15 0.862027 0.215507 0.027458 0.057698
15 0.8013410000000001 0.555983 0.026882 0.060344
15 0.187275 0.401491 0.0257 0.053124
15 0.771081 0.124199 0.025604 0.053396
15 0.9587859999999999 0.472136 0.030528 0.052832
15 0.876652 0.491508 0.02414 0.053342
15 0.49867100000000003 0.747614 0.021422 0.048044
15 0.375857 0.363391 0.026618 0.059952
15 0.087077 0.836255 0.026404 0.052242
15 0.5272429999999999 0.8602719999999999 0.022096 0.064774
15 0.27179400000000004 0.39047099999999996 0.021804 0.047356
