15 0.617687 0.5528900000000001 0.025652 0.063222
15 0.22738 0.181661 0.026982 0.060926
15 0.115133 0.746898 0.028246 0.055478
15 0.2985 0.754217 0.025284 0.061888
15 0.40535299999999996 0.827283 0.024102 0.063568
15 0.861827 0.215358 0.027724 0.058058
15 0.8012009999999999 0.5557179999999999 0.026978 0.060182
15 0.18715 0.40118299999999996 0.02604 0.054028
15 0.958542 0.471902 0.030908 0.054006
15 0.7709959999999999 0.124143 0.025332 0.052698
15 0.876513 0.491514 0.024604 0.05433
15 0.498471 0.74747 0.021324 0.047756
15 0.527389 0.860427 0.022886 0.064956
15 0.37548699999999996 0.36327699999999996 0.026106 0.059854
15 0.08684399999999999 0.835879 0.026522 0.05234
15 0.27158899999999997 0.39034800000000003 0.022214 0.048046
