15 0.617834 0.5530170000000001 0.025782 0.063616
15 0.298582 0.7548410000000001 0.025976 0.064426
15 0.226216 0.179178 0.028404 0.060692
15 0.40476799999999996 0.8257429999999999 0.025886 0.065114
15 0.243098 0.750458 0.02621 0.057264
15 0.861817 0.215587 0.027846 0.058078
15 0.801265 0.5556939999999999 0.026896 0.060466
15 0.771273 0.125008 0.025858 0.054974
15 0.126266 0.837403 0.025948 0.05699
15 0.958718 0.471869 0.030616 0.05334
15 0.8766970000000001 0.49178900000000003 0.024132 0.053184
15 0.498415 0.747773 0.021568 0.048862
15 0.375615 0.363244 0.026582 0.059718
15 0.527387 0.8602770000000001 0.022934 0.065082
15 0.271356 0.391123 0.022594 0.047876
