15 0.617694 0.552842 0.02573 0.063794
15 0.226077 0.17900699999999997 0.02848 0.061194
15 0.40455399999999997 0.825707 0.025906 0.065412
15 0.298684 0.7547429999999999 0.025674 0.062836
15 0.80125 0.555987 0.027374 0.062346
15 0.347183 0.755077 0.02749 0.062414
15 0.861812 0.215222 0.027632 0.05767
15 0.771035 0.12517799999999998 0.025906 0.054872
15 0.23905 0.5856699999999999 0.024552 0.053964
15 0.126489 0.837441 0.025896 0.056962
15 0.958694 0.47397100000000003 0.027832 0.057976
15 0.876518 0.491495 0.024386 0.05401
15 0.498647 0.747594 0.021498 0.04779
15 0.27146299999999995 0.391285 0.022434 0.047648
15 0.527254 0.8598220000000001 0.022508 0.064256
