15 0.617753 0.553292 0.026036 0.063914
15 0.22620400000000002 0.17905100000000002 0.028648 0.06112
15 0.861765 0.215471 0.02755 0.058164
15 0.40465399999999996 0.8261379999999999 0.029052 0.06262
15 0.8011119999999999 0.555843 0.02677 0.060108
15 0.276594 0.6144540000000001 0.025136 0.05485
15 0.351811 0.7355240000000001 0.029538 0.06129
15 0.771108 0.12501500000000002 0.025596 0.05411
15 0.958368 0.471968 0.028 0.05652
15 0.876611 0.491759 0.024342 0.053924
15 0.498528 0.7476379999999999 0.020892 0.04686
15 0.299315 0.7532030000000001 0.02226 0.051562
15 0.2715 0.39092899999999997 0.022092 0.047268
15 0.52719 0.859881 0.021924 0.063596
