15 0.6177520000000001 0.5532969999999999 0.026024 0.063926
15 0.227053 0.18170599999999998 0.027998 0.06364
15 0.86175 0.215512 0.02759 0.058228
15 0.404782 0.8275889999999999 0.023604 0.062922
15 0.276596 0.614394 0.0254 0.055512
15 0.801145 0.555991 0.026842 0.0605
15 0.298923 0.754271 0.024742 0.058802
15 0.351627 0.735516 0.030062 0.062822
15 0.771193 0.125064 0.025632 0.054034
15 0.958449 0.471779 0.027934 0.0566
15 0.876614 0.491809 0.024302 0.053844
15 0.49854400000000004 0.747708 0.021024 0.047096
15 0.27152 0.391038 0.022214 0.047376
15 0.5272159999999999 0.860095 0.02229 0.064006
