15 0.6179650000000001 0.552035 0.025478 0.064092
15 0.22603299999999998 0.178085 0.027968 0.062426
15 0.115284 0.746488 0.028104 0.055714
15 0.298719 0.7530519999999999 0.024954 0.060234
15 0.862374 0.21416200000000002 0.02792 0.056628
15 0.187209 0.40088599999999996 0.0263 0.05443
15 0.912099 0.40182999999999996 0.028204 0.053568
15 0.40497700000000003 0.825761 0.029232 0.065726
15 0.533757 0.840495 0.021214 0.057338
15 0.771023 0.122421 0.024708 0.050384
15 0.876711 0.492845 0.023848 0.05441
15 0.824759 0.5715589999999999 0.0247 0.049664
15 0.087279 0.8354349999999999 0.02683 0.051888
15 0.375878 0.36296 0.026578 0.060408
15 0.49853400000000003 0.746444 0.020548 0.046308
15 0.271858 0.389703 0.021748 0.04734
