15 0.617719 0.5528529999999999 0.025744 0.06324
15 0.225964 0.178401 0.028448 0.061678
15 0.298497 0.75461 0.025382 0.061044
15 0.405041 0.827341 0.024656 0.065522
15 0.276912 0.613885 0.025802 0.057326
15 0.801144 0.555515 0.026586 0.0599
15 0.840773 0.329766 0.026136 0.05486
15 0.126444 0.837356 0.025898 0.056502
15 0.958355 0.473475 0.02741 0.057132
15 0.876871 0.491545 0.023634 0.052408
15 0.498558 0.747526 0.02106 0.04723
15 0.527278 0.859633 0.022564 0.06457
15 0.27131700000000003 0.39075200000000004 0.02209 0.04727
15 0.7698860000000001 0.12261000000000001 0.021778 0.052572
