15 0.617786 0.553542 0.026012 0.063178
15 0.227326 0.18214999999999998 0.028204 0.063414
15 0.11524000000000001 0.747102 0.028618 0.055406
15 0.40503900000000004 0.826048 0.025364 0.063326
15 0.298728 0.754644 0.025258 0.061598
15 0.86189 0.215468 0.027668 0.057862
15 0.801388 0.556406 0.026818 0.060034
15 0.7710969999999999 0.124916 0.025664 0.054078
15 0.958913 0.47224900000000003 0.03087 0.053254
15 0.187395 0.401679 0.025336 0.052304
15 0.876835 0.49173 0.02425 0.053924
15 0.498581 0.747864 0.021616 0.048638
15 0.37581 0.363443 0.026608 0.059898
15 0.087135 0.836232 0.026594 0.052408
15 0.271769 0.390686 0.021608 0.046936
15 0.5272680000000001 0.8598650000000001 0.021972 0.0656
