15 0.617826 0.5532659999999999 0.026112 0.063756
15 0.226298 0.179161 0.028582 0.060368
15 0.11505399999999999 0.747052 0.028408 0.05522
15 0.298702 0.754253 0.025306 0.06192
15 0.405221 0.8273199999999999 0.023732 0.06226
15 0.861881 0.215632 0.02768 0.058222
15 0.8012640000000001 0.555861 0.026852 0.060122
15 0.187265 0.401592 0.025578 0.052814
15 0.770963 0.124266 0.025602 0.053698
15 0.958789 0.472043 0.030636 0.05311
15 0.8766740000000001 0.491497 0.024102 0.053492
15 0.498684 0.747529 0.021394 0.047948
15 0.375859 0.36350099999999996 0.026682 0.059784
15 0.087004 0.8363480000000001 0.026374 0.052218
15 0.5272589999999999 0.8602409999999999 0.022112 0.06534
15 0.27179 0.390399 0.02172 0.047238
