15 0.6177819999999999 0.553305 0.026138 0.063774
15 0.22628600000000001 0.179213 0.028482 0.06033
15 0.11509 0.7470800000000001 0.02851 0.05526
15 0.29867299999999997 0.754309 0.025334 0.06188
15 0.40488199999999996 0.8258759999999999 0.025072 0.062428
15 0.8618750000000001 0.21569 0.027544 0.058424
15 0.801323 0.556012 0.026884 0.060322
15 0.187246 0.401497 0.025624 0.052956
15 0.7710410000000001 0.12432399999999999 0.025732 0.053968
15 0.95889 0.474166 0.027598 0.057118
15 0.876721 0.491497 0.024058 0.053146
15 0.498657 0.747608 0.021482 0.048172
15 0.37571 0.36351100000000003 0.02656 0.059786
15 0.08701300000000001 0.8361999999999999 0.026292 0.05215
15 0.5272349999999999 0.860128 0.022096 0.065102
15 0.271782 0.390379 0.02166 0.047122
