15 0.617772 0.553147 0.025808 0.063778
15 0.226134 0.17910900000000002 0.028612 0.06119
15 0.404792 0.827175 0.024806 0.06447
15 0.298562 0.754302 0.025558 0.062098
15 0.276629 0.6140950000000001 0.02551 0.056804
15 0.86168 0.215598 0.027604 0.057786
15 0.801141 0.555762 0.02705 0.060862
15 0.35074 0.735488 0.02972 0.062556
15 0.9586560000000001 0.471955 0.03075 0.053652
15 0.7710020000000001 0.124779 0.025746 0.054166
15 0.8766349999999999 0.491622 0.024454 0.054546
15 0.49851599999999996 0.747537 0.021372 0.04833
15 0.271336 0.39127900000000004 0.022432 0.047792
15 0.527274 0.859741 0.022366 0.064236
15 0.126011 0.835271 0.021778 0.049184
