15 0.617948 0.553196 0.025606 0.063312
15 0.226302 0.178832 0.028406 0.060638
15 0.40505800000000003 0.827216 0.024892 0.065664
15 0.29842799999999997 0.753995 0.025558 0.062996
15 0.333396 0.374965 0.029196 0.062666
15 0.8619439999999999 0.215437 0.02758 0.058118
15 0.801254 0.555814 0.027076 0.060858
15 0.126799 0.836627 0.026234 0.0566
15 0.771192 0.124518 0.025746 0.05451
15 0.958657 0.47419300000000003 0.027988 0.057972
15 0.8767510000000001 0.491709 0.02424 0.053648
15 0.498297 0.747756 0.021394 0.048354
15 0.29228699999999996 0.27933600000000003 0.022002 0.050482
15 0.5272870000000001 0.86036 0.02302 0.065548
15 0.271655 0.391387 0.021794 0.046698
