15 0.6177239999999999 0.553261 0.025952 0.06332
15 0.225844 0.17867 0.028298 0.062054
15 0.29834 0.7544970000000001 0.025452 0.060904
15 0.404064 0.8262970000000001 0.029318 0.06177
15 0.276971 0.613935 0.02583 0.057112
15 0.6384519999999999 0.826785 0.02446 0.05633
15 0.801228 0.555154 0.026388 0.05939
15 0.958548 0.473988 0.0272 0.058408
15 0.771234 0.124517 0.025634 0.05439
15 0.126479 0.837167 0.025978 0.056414
15 0.5272819999999999 0.8596239999999999 0.02334 0.064498
15 0.27133 0.390521 0.02232 0.047868
