15 0.196778 0.429786 0.02693 0.062896
15 0.221513 0.40584 0.026806 0.058248
15 0.196805 0.377566 0.025418 0.05837
15 0.7573 0.823948 0.025396 0.061028
15 0.29186900000000005 0.47571800000000003 0.029252 0.06198
15 0.196523 0.5739380000000001 0.02582 0.055922
15 0.267716 0.45754399999999995 0.02859 0.060668
15 0.19471999999999998 0.5253249999999999 0.025402 0.055026
15 0.244263 0.524068 0.030912 0.067986
15 0.24537399999999998 0.42789299999999997 0.026504 0.064224
15 0.195929 0.477672 0.02734 0.05085
15 0.243573 0.479113 0.025316 0.055358
15 0.26761900000000005 0.500073 0.032858 0.071606
15 0.219751 0.494303 0.026442 0.067242
15 0.217821 0.5463720000000001 0.028846 0.061144
15 0.22121200000000002 0.45017 0.02832 0.047452
15 0.200495 0.511881 0.026034 0.06588
15 0.257074 0.514883 0.032348 0.079672
15 0.23243799999999998 0.506269 0.028068 0.074518
15 0.282364 0.482918 0.030876 0.068018
15 0.226951 0.46381100000000003 0.031054 0.070412
