15 0.617772 0.553142 0.025804 0.063774
15 0.226112 0.179116 0.02859 0.061198
15 0.404786 0.827122 0.024928 0.06466
15 0.298603 0.754428 0.025516 0.062114
15 0.276638 0.613994 0.02561 0.057128
15 0.8616469999999999 0.215573 0.02761 0.057824
15 0.801141 0.5557650000000001 0.027036 0.06085
15 0.35078299999999996 0.735302 0.029534 0.062338
15 0.126439 0.837665 0.026074 0.057156
15 0.770997 0.124776 0.025744 0.054162
15 0.958591 0.47196299999999997 0.030626 0.053488
15 0.8765649999999999 0.49165499999999995 0.02446 0.054796
15 0.498538 0.7475339999999999 0.02143 0.04849
15 0.271383 0.391282 0.022606 0.047976
15 0.527269 0.859774 0.022492 0.064538
