15 0.617578 0.552778 0.025781 0.063889
15 0.226172 0.179167 0.028906 0.061111
15 0.840625 0.300694 0.028125 0.054167
15 0.298438 0.754861 0.025000 0.059722
15 0.276953 0.614583 0.025781 0.056944
15 0.801172 0.555556 0.027344 0.061111
15 0.958984 0.474306 0.027344 0.056944
15 0.771484 0.125000 0.025781 0.052778
15 0.876563 0.491667 0.023438 0.052778
15 0.498437 0.747917 0.021875 0.048611
15 0.405078 0.827083 0.019531 0.056944
15 0.527344 0.860417 0.023438 0.065278
15 0.271484 0.390972 0.022656 0.048611
15 0.127344 0.820139 0.029687 0.026389
