15 0.617751 0.5531969999999999 0.026054 0.063392
15 0.22586900000000001 0.17835399999999998 0.028266 0.062098
15 0.40398 0.826111 0.029826 0.062516
15 0.298464 0.754667 0.025468 0.061162
15 0.276996 0.613992 0.025942 0.057672
15 0.63943 0.828602 0.026842 0.060444
15 0.801056 0.554941 0.026518 0.060086
15 0.958482 0.47399899999999995 0.027372 0.05873
15 0.771194 0.124747 0.025636 0.053828
15 0.126492 0.8370770000000001 0.025736 0.055924
15 0.528119 0.860957 0.021508 0.059642
15 0.27143 0.390754 0.0223 0.047368
