15 0.617888 0.553086 0.025662 0.063364
15 0.22612 0.178899 0.028356 0.06046
15 0.40518000000000004 0.827183 0.024622 0.065138
15 0.298174 0.753707 0.02607 0.063904
15 0.861797 0.21573199999999998 0.027644 0.058654
15 0.801202 0.55561 0.026884 0.060316
15 0.126592 0.836326 0.026128 0.056988
15 0.7711709999999999 0.124708 0.025672 0.054624
15 0.958511 0.47410800000000003 0.027974 0.058018
15 0.876709 0.491709 0.024268 0.05394
15 0.272621 0.65535 0.024492 0.056238
15 0.498404 0.747587 0.021254 0.048068
15 0.375662 0.363478 0.026474 0.059706
15 0.5272619999999999 0.860298 0.023038 0.064806
15 0.27132100000000003 0.390718 0.02183 0.046398
