15 0.6178509999999999 0.5529 0.025742 0.063662
15 0.226133 0.17925999999999997 0.028528 0.060642
15 0.298529 0.754805 0.025954 0.064128
15 0.40479000000000004 0.825958 0.025888 0.064714
15 0.243109 0.750459 0.026292 0.057628
15 0.861598 0.215809 0.027836 0.059036
15 0.8012630000000001 0.555847 0.026958 0.0607
15 0.7710699999999999 0.125094 0.025974 0.055278
15 0.126198 0.837921 0.025834 0.056754
15 0.958633 0.471719 0.030724 0.053666
15 0.8767 0.49178499999999997 0.024088 0.053124
15 0.49837899999999996 0.747927 0.021662 0.049064
15 0.375532 0.36318300000000003 0.026536 0.05971
15 0.271296 0.391169 0.022478 0.047848
15 0.5273310000000001 0.860155 0.022914 0.065286
