15 0.617746 0.553296 0.0261 0.063876
15 0.226201 0.179037 0.02864 0.061166
15 0.861757 0.215415 0.027594 0.05818
15 0.8011269999999999 0.55588 0.0268 0.060232
15 0.276561 0.614427 0.025212 0.055002
15 0.40475700000000003 0.826188 0.02907 0.063302
15 0.771101 0.125026 0.025598 0.05412
15 0.95847 0.471904 0.027992 0.056492
15 0.35133400000000004 0.738691 0.026518 0.06054
15 0.876605 0.491777 0.024346 0.053936
15 0.49846300000000004 0.747558 0.020754 0.046466
15 0.27149 0.390917 0.022122 0.047382
15 0.527181 0.8597140000000001 0.021668 0.063222
15 0.29861499999999996 0.75136 0.02028 0.046958
