15 0.617837 0.553041 0.02579 0.063428
15 0.225863 0.17845699999999998 0.028332 0.062148
15 0.298444 0.754434 0.02534 0.061066
15 0.415187 0.165708 0.026474 0.056166
15 0.40482199999999996 0.827704 0.023982 0.064064
15 0.27684400000000003 0.613927 0.025614 0.056774
15 0.801204 0.5552940000000001 0.026764 0.060742
15 0.958578 0.47418699999999997 0.02719 0.058298
15 0.126296 0.837078 0.025852 0.055764
15 0.770988 0.124461 0.02595 0.053046
15 0.498342 0.747522 0.021092 0.047638
15 0.271447 0.390845 0.022288 0.048012
15 0.527173 0.8594780000000001 0.022266 0.06522
