15 0.19692199999999999 0.43005899999999997 0.026806 0.062182
15 0.221488 0.405911 0.026742 0.057666
15 0.19672900000000001 0.37747200000000003 0.025318 0.058852
15 0.756969 0.823878 0.025738 0.061286
15 0.291727 0.476498 0.02891 0.060452
15 0.196287 0.57423 0.025782 0.056406
15 0.26781299999999997 0.457362 0.028516 0.060754
15 0.19471 0.525675 0.025304 0.05564
15 0.244252 0.524192 0.030882 0.067928
15 0.245339 0.428213 0.026254 0.064296
15 0.19586900000000002 0.47768 0.02726 0.050718
15 0.24358000000000002 0.478982 0.025662 0.055214
15 0.267655 0.500343 0.03262 0.072694
15 0.220073 0.49533699999999997 0.026352 0.066264
15 0.221564 0.451145 0.028602 0.047544
15 0.217801 0.546588 0.028628 0.061054
15 0.20061 0.512378 0.025116 0.065422
15 0.257661 0.514738 0.031928 0.0795
15 0.231526 0.507074 0.028492 0.075706
15 0.227834 0.464831 0.026646 0.074458
