15 0.617749 0.553274 0.025848 0.063466
15 0.226146 0.178785 0.02855 0.060986
15 0.29853399999999997 0.754826 0.025322 0.0612
15 0.840834 0.32963600000000004 0.027636 0.058602
15 0.404535 0.826173 0.025604 0.063994
15 0.276806 0.614212 0.025692 0.057176
15 0.801151 0.555844 0.026686 0.060042
15 0.126464 0.837337 0.026092 0.057464
15 0.958469 0.473735 0.027532 0.058038
15 0.771172 0.12482499999999999 0.025564 0.053744
15 0.876741 0.49141199999999996 0.023996 0.053638
15 0.498419 0.7478539999999999 0.021368 0.048574
15 0.271436 0.390963 0.021918 0.046884
15 0.5271790000000001 0.859493 0.022016 0.065526
