15 0.617748 0.553295 0.02602 0.06386
15 0.226191 0.179018 0.028644 0.061334
15 0.8618410000000001 0.215411 0.027748 0.058164
15 0.8011269999999999 0.5559320000000001 0.026838 0.06038
15 0.27654 0.6144299999999999 0.025114 0.05486
15 0.404729 0.826133 0.029066 0.063096
15 0.771147 0.125018 0.025612 0.054098
15 0.958653 0.472472 0.030748 0.0531
15 0.876622 0.49190300000000003 0.024322 0.053938
15 0.35143899999999995 0.737749 0.025368 0.058832
15 0.49847400000000003 0.7476700000000001 0.020846 0.046634
15 0.271525 0.391034 0.02208 0.047072
15 0.527213 0.8597520000000001 0.021668 0.063114
15 0.298749 0.7517119999999999 0.021064 0.047362
