15 0.196895 0.42978500000000003 0.026806 0.062458
15 0.221605 0.405968 0.026878 0.058782
15 0.19685599999999998 0.377608 0.025398 0.058002
15 0.757377 0.824221 0.025498 0.061006
15 0.291817 0.475859 0.029222 0.061762
15 0.196479 0.574287 0.025858 0.056402
15 0.194901 0.525704 0.02525 0.05505
15 0.26800199999999996 0.45638900000000004 0.031094 0.06254
15 0.244283 0.52486 0.029226 0.06625
15 0.246466 0.428027 0.027756 0.065354
15 0.196035 0.47783200000000003 0.027344 0.050552
15 0.24347200000000002 0.479839 0.025772 0.05605
15 0.219833 0.49431 0.026444 0.06737
15 0.267568 0.500267 0.032998 0.071298
15 0.217881 0.546662 0.028676 0.060934
15 0.20056400000000002 0.511681 0.0245 0.065228
15 0.221159 0.45020499999999997 0.028288 0.048012
15 0.25698899999999997 0.515491 0.032092 0.078432
15 0.231357 0.506392 0.028204 0.073996
15 0.226873 0.463972 0.030612 0.070508
