15 0.617769 0.553024 0.025674 0.063326
15 0.226189 0.178721 0.028642 0.060988
15 0.298485 0.754551 0.025264 0.060226
15 0.840823 0.329452 0.027768 0.058888
15 0.40502 0.827393 0.024776 0.064656
15 0.277016 0.614051 0.025744 0.057236
15 0.801176 0.555377 0.02659 0.06022
15 0.126247 0.837591 0.025964 0.056628
15 0.958628 0.473383 0.02723 0.057052
15 0.7712159999999999 0.124215 0.025556 0.053238
15 0.8768819999999999 0.491217 0.02399 0.053462
15 0.498455 0.7477119999999999 0.021396 0.048198
15 0.527346 0.859915 0.022596 0.064788
15 0.271481 0.39092 0.022084 0.046966
