15 0.19727799999999998 0.430041 0.026844 0.062064
15 0.221676 0.406034 0.02704 0.058892
15 0.196997 0.377851 0.025592 0.057962
15 0.757322 0.823896 0.025212 0.061138
15 0.291872 0.476098 0.028764 0.061648
15 0.196158 0.575117 0.025674 0.056788
15 0.195165 0.526442 0.02533 0.056806
15 0.267697 0.458456 0.028912 0.0617
15 0.244545 0.5256339999999999 0.028816 0.065292
15 0.243662 0.48086300000000004 0.026698 0.056556
15 0.245225 0.428407 0.026374 0.064908
15 0.19627799999999998 0.478619 0.027622 0.050864
15 0.22023099999999998 0.495398 0.02684 0.067406
15 0.26757600000000004 0.500754 0.03305 0.073392
15 0.217822 0.54723 0.028064 0.06051
15 0.221764 0.45213400000000004 0.028696 0.04846
15 0.282155 0.48321800000000004 0.029964 0.068668
15 0.200713 0.512051 0.024568 0.06454
15 0.257189 0.515639 0.0319 0.078474
15 0.228477 0.506014 0.028644 0.073626
15 0.22691499999999998 0.46712000000000004 0.029114 0.065146
