15 0.6177809999999999 0.553156 0.025834 0.06374
15 0.226089 0.17912 0.02844 0.061084
15 0.861749 0.215788 0.027566 0.05823
15 0.801202 0.555866 0.0272 0.061316
15 0.276506 0.614398 0.02511 0.055004
15 0.404716 0.8275699999999999 0.023162 0.0615
15 0.7709969999999999 0.124707 0.025758 0.05412
15 0.958548 0.471935 0.030594 0.053438
15 0.35182800000000003 0.738537 0.026356 0.059948
15 0.876542 0.49167299999999997 0.024316 0.054114
15 0.498474 0.7475269999999999 0.02116 0.047564
15 0.27133399999999996 0.391186 0.022426 0.047406
15 0.527252 0.8597480000000001 0.021946 0.063484
15 0.298522 0.753261 0.021238 0.048308
