15 0.6176539999999999 0.554417 0.026816 0.064122
15 0.11514100000000001 0.747486 0.028922 0.05591
15 0.298741 0.755134 0.025486 0.061664
15 0.404918 0.8268340000000001 0.026076 0.064658
15 0.227225 0.182445 0.028414 0.064162
15 0.8614139999999999 0.21709099999999998 0.027424 0.059594
15 0.801269 0.557119 0.02701 0.060982
15 0.771021 0.125883 0.025636 0.055692
15 0.187306 0.401865 0.025556 0.053286
15 0.958892 0.472719 0.03068 0.053314
15 0.4985 0.74863 0.021644 0.049494
15 0.87665 0.49341 0.024404 0.053732
15 0.086731 0.8366920000000001 0.027424 0.053384
15 0.375723 0.364106 0.026698 0.05924
15 0.527288 0.8627830000000001 0.020824 0.056488
15 0.27191699999999996 0.391663 0.022164 0.048508
