15 0.617636 0.553284 0.02609 0.063176
15 0.226159 0.178874 0.028538 0.061902
15 0.298395 0.754379 0.025254 0.060894
15 0.40512 0.827545 0.024446 0.06443
15 0.27685 0.6141340000000001 0.025778 0.057214
15 0.8401770000000001 0.324284 0.026736 0.05645
15 0.8012360000000001 0.55542 0.026788 0.060174
15 0.771188 0.124635 0.025832 0.05426
15 0.958668 0.473696 0.027318 0.056988
15 0.126576 0.836642 0.025758 0.056614
15 0.876601 0.491678 0.023868 0.052648
15 0.49850099999999997 0.747499 0.021496 0.048066
15 0.527381 0.860108 0.02265 0.06391
15 0.271418 0.391038 0.022352 0.047654
