15 0.617832 0.5530109999999999 0.025784 0.06364
15 0.298601 0.7548419999999999 0.025988 0.064404
15 0.22620500000000002 0.179211 0.028388 0.060688
15 0.40426799999999996 0.82578 0.029002 0.063456
15 0.24311 0.7504780000000001 0.026184 0.057306
15 0.861817 0.21557 0.027854 0.058058
15 0.801268 0.5556989999999999 0.026892 0.06049
15 0.771254 0.12503 0.025926 0.05525
15 0.126355 0.837507 0.025952 0.05708
15 0.9587180000000001 0.471868 0.030618 0.05335
15 0.8766940000000001 0.49178499999999997 0.024134 0.053172
15 0.498422 0.747778 0.02159 0.048956
15 0.375615 0.363232 0.026578 0.059724
15 0.27135299999999996 0.39113000000000003 0.022604 0.047892
15 0.527382 0.860207 0.022906 0.06525
