15 0.6177670000000001 0.55303 0.025678 0.063322
15 0.22617299999999999 0.178651 0.02868 0.06097
15 0.298491 0.754553 0.025254 0.06031
15 0.840825 0.329473 0.02779 0.058948
15 0.405012 0.827433 0.024714 0.06459
15 0.27701600000000004 0.614036 0.025754 0.05725
15 0.8012739999999999 0.5552659999999999 0.026592 0.060134
15 0.126206 0.837602 0.026024 0.056706
15 0.958579 0.47334499999999996 0.027242 0.057232
15 0.7712169999999999 0.124213 0.02555 0.053236
15 0.876876 0.49123 0.02399 0.053472
15 0.49846 0.7477159999999999 0.021398 0.048206
15 0.527355 0.859993 0.022684 0.06485
15 0.27146899999999996 0.390919 0.02209 0.047006
