15 0.617751 0.553305 0.026022 0.063922
15 0.22619999999999998 0.17907599999999999 0.028692 0.061038
15 0.8617729999999999 0.215474 0.02754 0.05813
15 0.404813 0.827543 0.023604 0.062986
15 0.276614 0.614403 0.025386 0.055454
15 0.801109 0.555845 0.026768 0.0601
15 0.35164300000000004 0.735476 0.030082 0.062904
15 0.298925 0.754076 0.024604 0.05839
15 0.7711079999999999 0.125017 0.025602 0.054122
15 0.958368 0.471973 0.028004 0.05653
15 0.876613 0.491759 0.02434 0.053928
15 0.498537 0.747675 0.02098 0.04702
15 0.271495 0.390975 0.022138 0.047374
15 0.527189 0.860053 0.02224 0.063998
