15 0.61776 0.553505 0.02602 0.063282
15 0.22729200000000002 0.182191 0.028222 0.06343
15 0.11516 0.7470380000000001 0.02864 0.055414
15 0.40500699999999995 0.825983 0.025372 0.063466
15 0.298736 0.7546 0.025274 0.061668
15 0.861817 0.215432 0.02763 0.05768
15 0.801338 0.55637 0.02687 0.060402
15 0.770996 0.124928 0.025698 0.053866
15 0.958742 0.47216800000000003 0.030786 0.053436
15 0.18736 0.401626 0.025424 0.052516
15 0.8768 0.491722 0.024206 0.053906
15 0.498569 0.7478870000000001 0.021648 0.048704
15 0.375678 0.363503 0.02654 0.05983
15 0.087122 0.836207 0.0266 0.052504
15 0.271683 0.390777 0.02169 0.046914
15 0.527262 0.859794 0.022018 0.065478
