15 0.6178830000000001 0.5528160000000001 0.0255 0.062958
15 0.225916 0.178506 0.028306 0.06243
15 0.415217 0.166014 0.02656 0.056608
15 0.29851900000000003 0.7545 0.025386 0.060922
15 0.40492300000000003 0.827546 0.024534 0.064802
15 0.276824 0.614043 0.025798 0.057396
15 0.801088 0.55516 0.026732 0.061014
15 0.958495 0.47418400000000005 0.027304 0.058826
15 0.77137 0.124227 0.025538 0.054542
15 0.12646 0.836924 0.026014 0.05633
15 0.498588 0.747444 0.021374 0.047884
15 0.52741 0.86 0.023076 0.064636
15 0.271401 0.390478 0.022018 0.047424
