15 0.617745 0.553298 0.0261 0.06388
15 0.226203 0.179036 0.028634 0.061172
15 0.861757 0.215415 0.027594 0.058178
15 0.8011290000000001 0.5558770000000001 0.026798 0.060224
15 0.276564 0.614424 0.02521 0.054984
15 0.404756 0.826186 0.029066 0.063304
15 0.7711020000000001 0.125025 0.0256 0.054118
15 0.95847 0.471904 0.027992 0.056492
15 0.351333 0.738679 0.026514 0.060548
15 0.876605 0.49177800000000005 0.024346 0.053938
15 0.498464 0.74756 0.020754 0.046464
15 0.27149 0.390918 0.022124 0.047372
15 0.5271790000000001 0.859707 0.021654 0.063202
15 0.298608 0.7513839999999999 0.020296 0.046976
