15 0.617733 0.55318 0.025814 0.0633
15 0.226348 0.178877 0.02857 0.060938
15 0.298666 0.754363 0.025394 0.062198
15 0.115074 0.7472580000000001 0.028248 0.054796
15 0.405223 0.8271 0.02414 0.063724
15 0.86173 0.215605 0.027688 0.058042
15 0.8012549999999999 0.5560269999999999 0.0272 0.061534
15 0.187346 0.401549 0.025476 0.05263
15 0.9586480000000001 0.471951 0.03071 0.053482
15 0.771149 0.124278 0.025656 0.052982
15 0.876645 0.491718 0.024244 0.053254
15 0.498591 0.747649 0.021442 0.048114
15 0.375699 0.36350400000000005 0.026342 0.059336
15 0.08712700000000001 0.836134 0.026512 0.052032
15 0.527281 0.860014 0.022554 0.065278
15 0.271616 0.39077100000000003 0.021834 0.04695
