15 0.617688 0.5539029999999999 0.02627 0.064034
15 0.227199 0.182371 0.028332 0.064124
15 0.115146 0.747298 0.028694 0.056052
15 0.405033 0.8262740000000001 0.025582 0.064138
15 0.298896 0.754766 0.025016 0.061334
15 0.861618 0.216611 0.027518 0.059306
15 0.801449 0.556663 0.027296 0.06192
15 0.187184 0.401671 0.026122 0.0544
15 0.7710830000000001 0.12517 0.025638 0.05587
15 0.958787 0.47223800000000005 0.030592 0.053448
15 0.876636 0.492669 0.024348 0.053652
15 0.49850700000000003 0.748057 0.021576 0.048708
15 0.375699 0.363715 0.026506 0.059694
15 0.08690700000000001 0.836334 0.026852 0.052886
15 0.271849 0.390892 0.02215 0.047834
15 0.527176 0.860193 0.022516 0.06453
