15 0.6179 0.553037 0.025858 0.06356
15 0.225966 0.17851699999999998 0.028404 0.061486
15 0.298409 0.754652 0.025376 0.060888
15 0.40499399999999997 0.8275980000000001 0.024408 0.06468
15 0.84073 0.32909999999999995 0.027718 0.058398
15 0.276831 0.613974 0.02579 0.057266
15 0.801217 0.5553680000000001 0.02694 0.060782
15 0.126295 0.8371580000000001 0.0259 0.05638
15 0.958453 0.471254 0.030204 0.05314
15 0.876605 0.491031 0.024106 0.053504
15 0.498413 0.74746 0.0212 0.04742
15 0.271309 0.390598 0.022104 0.047326
15 0.527181 0.858811 0.022036 0.064964
15 0.769635 0.123159 0.022406 0.055708
