15 0.617838 0.55301 0.025784 0.06366
15 0.29859800000000003 0.754907 0.026032 0.064582
15 0.22714099999999998 0.182012 0.027952 0.063072
15 0.40476 0.8257129999999999 0.0259 0.064952
15 0.243099 0.7506240000000001 0.02621 0.057614
15 0.8617900000000001 0.215702 0.027838 0.058366
15 0.801314 0.555683 0.026902 0.0608
15 0.771286 0.1251 0.025972 0.055284
15 0.12628 0.837685 0.025974 0.05742
15 0.958708 0.471798 0.030678 0.053364
15 0.8766970000000001 0.491813 0.024108 0.052948
15 0.49843400000000004 0.747774 0.021634 0.048952
15 0.375593 0.36326 0.026514 0.059674
15 0.271364 0.391063 0.022352 0.04769
15 0.5272950000000001 0.8598210000000001 0.022456 0.065622
