15 0.617757 0.55321 0.02598 0.06289
15 0.22593000000000002 0.178358 0.028332 0.062172
15 0.298358 0.7544799999999999 0.025606 0.0613
15 0.40410599999999997 0.825974 0.02962 0.063062
15 0.277023 0.613913 0.025912 0.057592
15 0.638304 0.825543 0.027868 0.05745
15 0.801043 0.554576 0.026382 0.05968
15 0.958411 0.47385299999999997 0.026994 0.057712
15 0.126438 0.836956 0.026076 0.056948
15 0.771107 0.124518 0.025744 0.05367
15 0.527362 0.8595649999999999 0.023568 0.065192
15 0.271219 0.390559 0.022242 0.047342
