15 0.6176670000000001 0.552784 0.025724 0.06342
15 0.225988 0.17847200000000002 0.0284 0.061636
15 0.298504 0.7546240000000001 0.025402 0.061052
15 0.405062 0.82729 0.024748 0.065628
15 0.801431 0.555065 0.026488 0.061614
15 0.276978 0.613832 0.025888 0.057628
15 0.701542 0.522479 0.02617 0.057514
15 0.958467 0.473787 0.027304 0.059184
15 0.771262 0.124641 0.025904 0.054528
15 0.126442 0.8373459999999999 0.025908 0.05645
15 0.49850700000000003 0.747574 0.021274 0.047772
15 0.5273190000000001 0.859879 0.023122 0.064976
15 0.271303 0.390764 0.022146 0.047318
