15 0.617783 0.5529299999999999 0.025784 0.062774
15 0.6422829999999999 0.417807 0.028088 0.060294
15 0.22598800000000002 0.178475 0.028384 0.061616
15 0.298494 0.754618 0.025416 0.061054
15 0.405063 0.827343 0.024598 0.06518
15 0.276987 0.613865 0.02594 0.057804
15 0.801343 0.55522 0.026686 0.060434
15 0.958527 0.473927 0.027124 0.058268
15 0.126433 0.837325 0.02591 0.056302
15 0.771248 0.124556 0.02553 0.054194
15 0.498456 0.747495 0.020922 0.046756
15 0.527211 0.859243 0.0224 0.064424
15 0.2713 0.39078999999999997 0.022108 0.04728
