15 0.6176940000000001 0.553157 0.02587 0.064162
15 0.405166 0.8275410000000001 0.02456 0.06383
15 0.298649 0.754241 0.02475 0.060294
15 0.861837 0.215224 0.027594 0.057908
15 0.173561 0.732427 0.02703 0.059004
15 0.8010889999999999 0.5557799999999999 0.02687 0.060546
15 0.77095 0.12494899999999999 0.025884 0.054696
15 0.95871 0.472007 0.030862 0.05392
15 0.11157399999999999 0.8535360000000001 0.025164 0.054078
15 0.8765839999999999 0.491751 0.024368 0.054158
15 0.49839 0.7478319999999999 0.021352 0.047748
15 0.37557999999999997 0.362953 0.025968 0.059262
15 0.271416 0.390934 0.021682 0.045048
15 0.228047 0.180063 0.01786 0.049578
15 0.5271300000000001 0.85996 0.02235 0.066118
