15 0.617749 0.5531640000000001 0.025874 0.063314
15 0.22630899999999998 0.178986 0.028684 0.060724
15 0.11509799999999999 0.7472049999999999 0.028326 0.05506
15 0.29863 0.7543 0.025362 0.062142
15 0.405198 0.827208 0.024112 0.0638
15 0.861795 0.215501 0.02769 0.05816
15 0.801251 0.555959 0.027228 0.061408
15 0.187305 0.40160799999999997 0.02554 0.052742
15 0.958731 0.47415999999999997 0.027832 0.057646
15 0.771091 0.124369 0.025684 0.053338
15 0.876624 0.49169 0.024292 0.053442
15 0.498574 0.747657 0.021506 0.048406
15 0.37570200000000004 0.36362700000000003 0.026356 0.059304
15 0.0871 0.836087 0.026424 0.052138
15 0.527239 0.8600030000000001 0.022532 0.065312
15 0.271613 0.390791 0.021838 0.046888
