15 0.617818 0.55288 0.025596 0.062964
15 0.225897 0.17847 0.028286 0.06248
15 0.415207 0.166041 0.026542 0.056538
15 0.29847 0.7544919999999999 0.025332 0.06096
15 0.40489699999999995 0.827594 0.0247 0.064966
15 0.276829 0.614059 0.02579 0.057426
15 0.801071 0.55513 0.026716 0.060974
15 0.9584389999999999 0.474169 0.027316 0.058812
15 0.771368 0.12428600000000001 0.025576 0.054456
15 0.12645 0.836923 0.02601 0.056362
15 0.498587 0.747446 0.02136 0.047876
15 0.527392 0.8600180000000001 0.023056 0.064772
15 0.271403 0.39048099999999997 0.02202 0.047442
