15 0.6178410000000001 0.553184 0.025918 0.063156
15 0.225995 0.178426 0.028428 0.061596
15 0.29842 0.754427 0.025478 0.06141
15 0.415179 0.165718 0.026366 0.056084
15 0.40495899999999996 0.827457 0.02438 0.064292
15 0.276997 0.6140920000000001 0.025898 0.057314
15 0.8010539999999999 0.5545180000000001 0.02646 0.059366
15 0.958509 0.47406499999999996 0.027252 0.058584
15 0.12644 0.837136 0.02596 0.05686
15 0.771154 0.124433 0.025582 0.053482
15 0.49852500000000005 0.7476090000000001 0.02114 0.047622
15 0.527277 0.8596809999999999 0.022244 0.064828
15 0.271318 0.390618 0.021842 0.046898
