15 0.617897 0.553048 0.0258 0.063518
15 0.225964 0.17851499999999998 0.028402 0.061478
15 0.29839499999999997 0.754609 0.025368 0.06077
15 0.40498599999999996 0.827617 0.024384 0.064548
15 0.27682900000000005 0.613969 0.0258 0.057284
15 0.8012199999999999 0.555329 0.026854 0.060498
15 0.840689 0.32860500000000004 0.026392 0.055108
15 0.126286 0.83715 0.0259 0.056268
15 0.958333 0.47147500000000003 0.030338 0.053112
15 0.876715 0.49099400000000004 0.02397 0.053374
15 0.49842400000000003 0.747443 0.021198 0.04742
15 0.27131099999999997 0.390607 0.02211 0.047334
15 0.527185 0.8588359999999999 0.022046 0.064882
15 0.7696620000000001 0.1224 0.02153 0.052756
