15 0.61769 0.5534519999999999 0.026146 0.063672
15 0.40448 0.826408 0.026392 0.066518
15 0.226239 0.179306 0.028684 0.06071
15 0.29877600000000004 0.754722 0.025402 0.061942
15 0.276656 0.6140140000000001 0.02581 0.057954
15 0.861645 0.216089 0.027642 0.058846
15 0.8011910000000001 0.556381 0.027408 0.06212
15 0.35088800000000003 0.7358979999999999 0.026456 0.062854
15 0.771075 0.125506 0.02602 0.056252
15 0.12615300000000002 0.838109 0.02616 0.057522
15 0.958545 0.47212 0.030762 0.053856
15 0.876519 0.492071 0.024294 0.053526
15 0.498592 0.747889 0.02143 0.04819
15 0.271401 0.39136099999999996 0.022378 0.04775
15 0.527233 0.8597440000000001 0.022516 0.064796
