15 0.617942 0.55312 0.025664 0.06341
15 0.226198 0.17881999999999998 0.028366 0.060368
15 0.405003 0.82711 0.024948 0.065428
15 0.298531 0.754984 0.02623 0.065058
15 0.243076 0.7495569999999999 0.026846 0.056752
15 0.861931 0.215335 0.027436 0.057578
15 0.801145 0.555446 0.026782 0.059912
15 0.771116 0.1245 0.025624 0.054172
15 0.12635 0.8372189999999999 0.02615 0.056058
15 0.958636 0.47410199999999997 0.028014 0.057792
15 0.876785 0.491628 0.024362 0.054002
15 0.498525 0.7476119999999999 0.02135 0.048258
15 0.375732 0.36292800000000003 0.026554 0.059894
15 0.527374 0.860365 0.023236 0.065174
15 0.27134800000000003 0.390859 0.02202 0.04669
