15 0.617682 0.553212 0.025952 0.063438
15 0.226188 0.179147 0.028576 0.060576
15 0.40473899999999996 0.827272 0.02548 0.066304
15 0.29877499999999996 0.754704 0.02538 0.061874
15 0.276787 0.6139129999999999 0.02584 0.057696
15 0.8616790000000001 0.215938 0.027678 0.058818
15 0.801137 0.556285 0.02736 0.061808
15 0.351219 0.734642 0.029756 0.064336
15 0.7710440000000001 0.12532500000000002 0.025938 0.055648
15 0.126306 0.837732 0.026228 0.05768
15 0.958609 0.47421100000000005 0.02777 0.058058
15 0.876507 0.491894 0.024276 0.053548
15 0.498539 0.7479640000000001 0.021476 0.048402
15 0.271417 0.39127 0.022408 0.047888
15 0.527239 0.859793 0.022454 0.064686
