15 0.6178389999999999 0.5532060000000001 0.025912 0.063114
15 0.22599599999999997 0.178423 0.028448 0.061686
15 0.29841199999999996 0.754438 0.025484 0.061376
15 0.41519 0.165796 0.02642 0.056094
15 0.40495200000000003 0.827453 0.024394 0.064304
15 0.276996 0.6141 0.025908 0.057312
15 0.8010710000000001 0.554527 0.026488 0.05949
15 0.958502 0.473984 0.02728 0.058704
15 0.126446 0.837148 0.025952 0.056798
15 0.771164 0.12442 0.025614 0.053548
15 0.498528 0.747607 0.021144 0.04762
15 0.5272760000000001 0.859639 0.022218 0.064832
15 0.271341 0.39063299999999995 0.021884 0.047024
