15 0.153197 0.505351 0.03108 0.05957
15 0.9161809999999999 0.215883 0.028544 0.055764
15 0.221988 0.21580000000000002 0.02574 0.057912
15 0.481395 0.544868 0.024382 0.053564
15 0.09408 0.7538809999999999 0.02885 0.061702
15 0.5700149999999999 0.249862 0.023402 0.0618
15 0.591017 0.45223599999999997 0.023428 0.055518
15 0.32773399999999997 0.40421100000000004 0.026736 0.059146
15 0.33375900000000003 0.8197939999999999 0.02734 0.058196
15 0.360855 0.627337 0.024848 0.056114
15 0.22022599999999998 0.417125 0.025228 0.056678
15 0.49299000000000004 0.8092239999999999 0.022534 0.056034
15 0.272293 0.39256800000000003 0.025854 0.05369
15 0.862024 0.54608 0.02699 0.055424
15 0.26575299999999996 0.697858 0.02455 0.051964
15 0.37314200000000003 0.8161590000000001 0.024552 0.062766
