15 0.6177450000000001 0.553129 0.025856 0.063564
15 0.22614 0.179077 0.028594 0.060982
15 0.404932 0.827145 0.025028 0.065556
15 0.298673 0.754691 0.025302 0.062106
15 0.801277 0.556089 0.027422 0.062494
15 0.861796 0.21535400000000002 0.02769 0.058192
15 0.255982 0.60096 0.023228 0.05505
15 0.771076 0.125166 0.025968 0.055204
15 0.350622 0.7396820000000001 0.02738 0.060694
15 0.126497 0.8377629999999999 0.025916 0.057138
15 0.958681 0.473986 0.02783 0.057878
15 0.876494 0.491793 0.024286 0.053434
15 0.498634 0.747494 0.021302 0.047646
15 0.271419 0.39126 0.022244 0.047692
15 0.5272479999999999 0.86004 0.022786 0.064548
