15 0.6179439999999999 0.553122 0.025656 0.063426
15 0.22618100000000002 0.178839 0.028334 0.06035
15 0.24242999999999998 0.75024 0.031784 0.056464
15 0.405059 0.827032 0.024776 0.065528
15 0.298519 0.7550199999999999 0.026106 0.06486
15 0.861932 0.21532600000000002 0.027438 0.057576
15 0.8011480000000001 0.555446 0.026766 0.059898
15 0.126438 0.837251 0.026394 0.05687
15 0.771119 0.124513 0.02564 0.054148
15 0.958561 0.474149 0.027964 0.057754
15 0.876789 0.491623 0.024354 0.053998
15 0.498527 0.74757 0.021328 0.048188
15 0.37569 0.362906 0.02654 0.059932
15 0.5273840000000001 0.860333 0.023076 0.065278
15 0.271339 0.39085 0.021986 0.046554
