15 0.6178060000000001 0.553264 0.026088 0.063696
15 0.227152 0.181871 0.02798 0.062838
15 0.115097 0.747112 0.028482 0.055252
15 0.298723 0.754308 0.025406 0.06216
15 0.405253 0.827295 0.023766 0.06246
15 0.862019 0.215275 0.027576 0.057406
15 0.801416 0.555871 0.02692 0.060558
15 0.187286 0.401612 0.02566 0.053076
15 0.771053 0.12410299999999999 0.025654 0.053414
15 0.958828 0.471999 0.030588 0.053032
15 0.876654 0.49151599999999995 0.02417 0.053464
15 0.498715 0.747522 0.021464 0.04804
15 0.375868 0.363439 0.026594 0.059776
15 0.087076 0.8363689999999999 0.026444 0.052358
15 0.5272899999999999 0.86016 0.022206 0.065044
15 0.271796 0.390399 0.02164 0.047114
