15 0.6177590000000001 0.553427 0.025962 0.063182
15 0.227124 0.182021 0.027932 0.063428
15 0.115059 0.747069 0.028598 0.055304
15 0.298722 0.754555 0.025264 0.061714
15 0.40495899999999996 0.825979 0.025372 0.063484
15 0.861788 0.21542799999999998 0.027776 0.057822
15 0.801277 0.5563739999999999 0.026866 0.060398
15 0.7710239999999999 0.124844 0.02575 0.054284
15 0.9587410000000001 0.472195 0.030772 0.053372
15 0.18735500000000002 0.401619 0.025384 0.052496
15 0.876791 0.491712 0.02412 0.053578
15 0.49853000000000003 0.7478940000000001 0.021618 0.04868
15 0.375688 0.36357199999999995 0.026552 0.059846
15 0.087088 0.836235 0.026592 0.052484
15 0.271725 0.39082900000000004 0.021766 0.047166
15 0.5272439999999999 0.8598589999999999 0.022114 0.06527
