15 0.6176839999999999 0.553313 0.02605 0.063306
15 0.40448 0.8264009999999999 0.026274 0.066272
15 0.227025 0.182089 0.027982 0.06336
15 0.29877200000000004 0.754734 0.025394 0.061814
15 0.27664 0.613965 0.025832 0.057966
15 0.8616510000000001 0.216117 0.027624 0.058864
15 0.8011839999999999 0.556296 0.02737 0.061816
15 0.350874 0.735846 0.02646 0.06289
15 0.77107 0.125294 0.025946 0.055654
15 0.126219 0.837827 0.026162 0.057266
15 0.9586950000000001 0.47437100000000004 0.027792 0.05788
15 0.876526 0.491969 0.02428 0.053648
15 0.498576 0.747908 0.02142 0.048138
15 0.27138799999999996 0.39132900000000004 0.022488 0.047958
15 0.527225 0.859708 0.022434 0.064554
