15 0.6177900000000001 0.55263 0.025538 0.062806
15 0.226009 0.178115 0.028292 0.062822
15 0.298262 0.754494 0.025262 0.061112
15 0.276855 0.613438 0.025942 0.057922
15 0.404263 0.825823 0.029412 0.063078
15 0.41518900000000003 0.165634 0.026286 0.055724
15 0.801041 0.55462 0.026686 0.060484
15 0.958473 0.473664 0.027166 0.058726
15 0.771053 0.124139 0.025872 0.054752
15 0.126469 0.836601 0.025916 0.056162
15 0.498416 0.747061 0.021054 0.04766
15 0.527309 0.859168 0.022926 0.065104
15 0.271324 0.39040600000000003 0.022026 0.047232
