15 0.617855 0.553192 0.025916 0.063194
15 0.226078 0.17845 0.028346 0.061586
15 0.298428 0.754441 0.025482 0.06141
15 0.415253 0.16573600000000002 0.026422 0.05614
15 0.404967 0.82744 0.02427 0.064164
15 0.276998 0.614094 0.025908 0.057314
15 0.801079 0.554547 0.02651 0.059566
15 0.958582 0.473993 0.027158 0.058412
15 0.771281 0.12445500000000001 0.025676 0.05427
15 0.126453 0.837121 0.025958 0.056818
15 0.498523 0.747606 0.02115 0.047626
15 0.5272709999999999 0.859617 0.022212 0.064762
15 0.271339 0.390632 0.021888 0.047032
