15 0.617692 0.552997 0.0258 0.063716
15 0.226082 0.17902500000000002 0.028524 0.061356
15 0.404554 0.825808 0.025746 0.064992
15 0.298622 0.754686 0.025456 0.062444
15 0.34804199999999996 0.7516010000000001 0.028716 0.061384
15 0.801227 0.5559000000000001 0.02733 0.061948
15 0.86186 0.215182 0.027614 0.057574
15 0.771028 0.12485199999999999 0.025832 0.054224
15 0.12649 0.8374360000000001 0.025868 0.056866
15 0.24066500000000002 0.585925 0.023062 0.05387
15 0.958676 0.474007 0.02786 0.05787
15 0.876543 0.491686 0.024428 0.054192
15 0.49866099999999997 0.747468 0.02143 0.04777
15 0.271503 0.391291 0.022416 0.047886
15 0.5273049999999999 0.860108 0.022792 0.06424
