15 0.617749 0.5532699999999999 0.025848 0.063456
15 0.226144 0.17879199999999998 0.028556 0.060978
15 0.29853399999999997 0.754829 0.025322 0.06121
15 0.840824 0.32966 0.027742 0.058862
15 0.404538 0.826169 0.02562 0.06404
15 0.276805 0.614212 0.025692 0.057174
15 0.8011579999999999 0.555856 0.0267 0.060092
15 0.126466 0.837332 0.026076 0.057464
15 0.958441 0.473696 0.027488 0.057866
15 0.7711709999999999 0.124829 0.025556 0.053734
15 0.876746 0.491434 0.023976 0.0536
15 0.49842000000000003 0.747849 0.021368 0.048576
15 0.271439 0.390969 0.021918 0.046886
15 0.527179 0.859526 0.022044 0.06555
