15 0.617835 0.55304 0.02579 0.063432
15 0.225879 0.17851999999999998 0.028316 0.061988
15 0.29838800000000004 0.75434 0.025302 0.060686
15 0.41519300000000003 0.165673 0.026464 0.056278
15 0.404817 0.827722 0.023936 0.063936
15 0.27689 0.613915 0.02564 0.056772
15 0.801182 0.5552750000000001 0.026722 0.060618
15 0.958554 0.474214 0.027152 0.05817
15 0.12631 0.836915 0.025972 0.056134
15 0.771051 0.124608 0.026016 0.053344
15 0.498338 0.747511 0.021068 0.047584
15 0.27145400000000003 0.390824 0.022212 0.047844
15 0.527185 0.859566 0.022286 0.065158
