15 0.617962 0.553134 0.02558 0.063406
15 0.226255 0.178844 0.028376 0.059854
15 0.405143 0.8271970000000001 0.024828 0.065544
15 0.298461 0.753919 0.025458 0.06222
15 0.8619450000000001 0.21542899999999998 0.027608 0.058146
15 0.801261 0.555604 0.027016 0.060676
15 0.333024 0.31552800000000003 0.028686 0.062076
15 0.771188 0.124499 0.02573 0.05445
15 0.958635 0.474134 0.028016 0.057982
15 0.12675699999999998 0.836363 0.025646 0.055324
15 0.8767389999999999 0.491706 0.024276 0.053704
15 0.333563 0.24675499999999997 0.02288 0.05576
15 0.49829 0.7476349999999999 0.021212 0.047998
15 0.527325 0.8604660000000001 0.023144 0.065344
15 0.26988 0.386837 0.022688 0.05368
