15 0.61775 0.553203 0.026056 0.063372
15 0.22587000000000002 0.17836000000000002 0.028262 0.062124
15 0.403972 0.826114 0.02985 0.062538
15 0.298465 0.754665 0.025474 0.06118
15 0.276995 0.613989 0.02594 0.057672
15 0.639424 0.82855 0.026892 0.060622
15 0.801047 0.554942 0.026506 0.060016
15 0.9584790000000001 0.474004 0.027376 0.058738
15 0.771195 0.124748 0.025644 0.053842
15 0.126493 0.837067 0.02573 0.055932
15 0.5282089999999999 0.861012 0.021664 0.060022
15 0.27142499999999997 0.390751 0.022292 0.047358
