15 0.197093 0.43015800000000004 0.02691 0.062474
15 0.221519 0.405777 0.026638 0.057036
15 0.196724 0.377453 0.02531 0.058898
15 0.757048 0.824013 0.02559 0.060932
15 0.291767 0.476271 0.028988 0.060926
15 0.196372 0.5742290000000001 0.025708 0.056156
15 0.26785800000000004 0.457056 0.028626 0.060732
15 0.19468 0.525296 0.025306 0.05567
15 0.24434999999999998 0.524467 0.029292 0.067096
15 0.24530400000000002 0.427912 0.026332 0.064446
15 0.24373699999999998 0.479445 0.025898 0.056276
15 0.26766799999999996 0.500358 0.032782 0.072784
15 0.19594 0.47748799999999997 0.027168 0.050796
15 0.220172 0.494205 0.026744 0.067562
15 0.221696 0.451796 0.028948 0.04792
15 0.21783200000000003 0.546582 0.028614 0.061154
15 0.200194 0.512416 0.025596 0.065616
15 0.282777 0.48328400000000005 0.029972 0.068718
15 0.257571 0.515036 0.032058 0.079344
15 0.231515 0.506437 0.028332 0.075944
15 0.227432 0.46475 0.027402 0.076732
