15 0.6178480000000001 0.5532170000000001 0.02591 0.063166
15 0.22600399999999998 0.17840699999999998 0.028446 0.061544
15 0.298406 0.754412 0.025488 0.061394
15 0.415189 0.165792 0.02642 0.056102
15 0.40495099999999995 0.82746 0.024376 0.064288
15 0.276996 0.614092 0.025908 0.057318
15 0.801067 0.55452 0.026472 0.059448
15 0.9583470000000001 0.473845 0.027136 0.058372
15 0.771143 0.124579 0.025666 0.053866
15 0.126446 0.837144 0.025952 0.056766
15 0.498527 0.747605 0.021136 0.047602
15 0.527269 0.859642 0.022194 0.064826
15 0.27133999999999997 0.390627 0.021882 0.04702
