15 0.617687 0.553284 0.026048 0.063394
15 0.225916 0.178591 0.028364 0.061856
15 0.298346 0.754357 0.02541 0.06082
15 0.40406200000000003 0.826219 0.029298 0.061822
15 0.27698500000000004 0.61402 0.025862 0.057308
15 0.8012130000000001 0.555222 0.026572 0.06
15 0.63387 0.8323769999999999 0.023798 0.057122
15 0.9584090000000001 0.473962 0.02713 0.058196
15 0.771185 0.124751 0.025582 0.054222
15 0.126397 0.837271 0.025888 0.055996
15 0.5273089999999999 0.859718 0.02327 0.06504
15 0.27126300000000003 0.390505 0.022158 0.04743
