15 0.617778 0.553143 0.02583 0.06376
15 0.226081 0.179067 0.028492 0.061216
15 0.8616619999999999 0.21546600000000002 0.027472 0.057746
15 0.404788 0.827561 0.02327 0.061598
15 0.80111 0.555784 0.027046 0.060762
15 0.27653500000000003 0.614333 0.02514 0.055134
15 0.351711 0.735617 0.029238 0.060856
15 0.958585 0.474016 0.027876 0.057946
15 0.7709940000000001 0.12478900000000001 0.02573 0.0541
15 0.876557 0.491591 0.024376 0.054598
15 0.49848800000000004 0.747502 0.021136 0.047484
15 0.299108 0.75305 0.022266 0.051782
15 0.271322 0.39118699999999995 0.022454 0.047456
15 0.527223 0.8595900000000001 0.021834 0.06349
