15 0.617748 0.5532980000000001 0.026022 0.06386
15 0.22621200000000002 0.17902200000000001 0.028664 0.061192
15 0.861751 0.215506 0.027584 0.05824
15 0.801146 0.5559930000000001 0.026844 0.06051
15 0.276547 0.614447 0.025158 0.05501
15 0.40470199999999995 0.8260869999999999 0.02904 0.063068
15 0.771146 0.12501299999999999 0.025614 0.054094
15 0.9584050000000001 0.471854 0.02797 0.056486
15 0.35130300000000003 0.7382460000000001 0.02612 0.059954
15 0.876613 0.49183299999999996 0.024308 0.053792
15 0.498481 0.747615 0.02081 0.046548
15 0.27149300000000004 0.39098299999999997 0.022128 0.04721
15 0.5272060000000001 0.859761 0.021684 0.063246
15 0.29866000000000004 0.751792 0.020974 0.047472
