15 0.617769 0.553028 0.025672 0.063318
15 0.226188 0.178742 0.028696 0.061088
15 0.840862 0.329534 0.027882 0.05908
15 0.298542 0.754529 0.025308 0.060282
15 0.40501600000000004 0.8274360000000001 0.024792 0.064656
15 0.27703099999999997 0.614039 0.025794 0.057426
15 0.801268 0.5552600000000001 0.026608 0.060148
15 0.126219 0.8375929999999999 0.026026 0.056676
15 0.958701 0.473366 0.027194 0.057076
15 0.771229 0.12421800000000001 0.025536 0.053208
15 0.8768819999999999 0.49121299999999996 0.024006 0.053522
15 0.49845100000000003 0.747705 0.021394 0.048196
15 0.527353 0.860014 0.022662 0.06486
15 0.27148100000000003 0.390918 0.022092 0.046982
