15 0.617699 0.553029 0.025882 0.06302
15 0.22604800000000003 0.178708 0.028558 0.061134
15 0.840774 0.32975899999999997 0.027962 0.059044
15 0.298433 0.7547269999999999 0.025362 0.061162
15 0.40497500000000003 0.827384 0.024472 0.06452
15 0.276738 0.613973 0.025724 0.057348
15 0.801203 0.555277 0.026542 0.059814
15 0.126414 0.837269 0.02585 0.056774
15 0.771212 0.124525 0.025496 0.053876
15 0.958285 0.473076 0.026996 0.056682
15 0.876775 0.49139 0.023926 0.052994
15 0.498464 0.74752 0.021112 0.047644
15 0.527288 0.8597790000000001 0.022656 0.06506
15 0.27132100000000003 0.390918 0.02209 0.047184
