15 0.617753 0.553195 0.025998 0.062934
15 0.225904 0.178328 0.0283 0.062216
15 0.298341 0.754504 0.025618 0.06131
15 0.40411 0.825972 0.02961 0.06305
15 0.27701400000000004 0.6139300000000001 0.025954 0.057746
15 0.6383489999999999 0.82567 0.02789 0.057404
15 0.801056 0.554618 0.026462 0.05977
15 0.958592 0.47381199999999996 0.027102 0.058078
15 0.126446 0.8368530000000001 0.025966 0.056602
15 0.771083 0.124491 0.025682 0.053678
15 0.5289010000000001 0.861 0.025192 0.065374
15 0.271227 0.390553 0.022214 0.047256
