15 0.617715 0.552858 0.025674 0.063294
15 0.115133 0.746774 0.028226 0.055322
15 0.298512 0.754042 0.025178 0.061148
15 0.40529499999999996 0.82732 0.023932 0.06267
15 0.861773 0.21481899999999998 0.027776 0.057542
15 0.801245 0.555525 0.02692 0.060472
15 0.9585889999999999 0.471748 0.030876 0.053772
15 0.770954 0.123889 0.02546 0.05279
15 0.186897 0.40063 0.024546 0.052268
15 0.8765160000000001 0.49159899999999995 0.024518 0.05424
15 0.5274209999999999 0.860541 0.02314 0.065068
15 0.375621 0.363797 0.02583 0.059298
15 0.498433 0.747481 0.021208 0.047524
15 0.086797 0.835557 0.026598 0.052182
15 0.27226 0.390478 0.021974 0.045408
15 0.22071000000000002 0.17925799999999997 0.02061 0.062136
