15 0.617795 0.552407 0.025572 0.062902
15 0.22595099999999999 0.177835 0.028238 0.063036
15 0.29836799999999997 0.75424 0.025322 0.060792
15 0.276951 0.6133430000000001 0.025994 0.058024
15 0.40439200000000003 0.825868 0.029286 0.063258
15 0.800966 0.554314 0.026686 0.060006
15 0.415064 0.16586499999999998 0.02608 0.05494
15 0.958411 0.473485 0.027122 0.058468
15 0.126422 0.836607 0.02598 0.056308
15 0.771031 0.124328 0.025816 0.05453
15 0.49845 0.746904 0.020798 0.04734
15 0.52717 0.858793 0.022716 0.06532
15 0.271361 0.390413 0.0223 0.047946
