15 0.196827 0.42988699999999996 0.026942 0.06268
15 0.221548 0.405852 0.026656 0.057734
15 0.196912 0.377517 0.02543 0.058394
15 0.757315 0.82387 0.02538 0.06115
15 0.29177899999999996 0.475704 0.02926 0.061604
15 0.196548 0.574156 0.025862 0.056224
15 0.267696 0.457229 0.028448 0.060428
15 0.19481600000000002 0.5256299999999999 0.02528 0.055304
15 0.24427100000000002 0.5240360000000001 0.030928 0.067402
15 0.24517999999999998 0.427449 0.0263 0.064492
15 0.195908 0.47741399999999995 0.027402 0.051182
15 0.21979400000000002 0.49515200000000004 0.026488 0.06613
15 0.243364 0.478929 0.025494 0.055576
15 0.26764 0.500024 0.03298 0.071458
15 0.21789899999999998 0.5464840000000001 0.028792 0.061282
15 0.22124 0.449831 0.028408 0.047306
15 0.201217 0.511231 0.024594 0.066162
15 0.232317 0.5062059999999999 0.027914 0.074156
15 0.256898 0.515165 0.032236 0.078582
15 0.282514 0.482852 0.030474 0.06715
15 0.22728500000000001 0.463394 0.03116 0.069386
