15 0.6177229999999999 0.553236 0.025996 0.063534
15 0.225898 0.17868299999999998 0.028394 0.06187
15 0.298353 0.754315 0.025424 0.060776
15 0.40405199999999997 0.826236 0.02935 0.061906
15 0.276972 0.614022 0.02585 0.05734
15 0.638344 0.8269409999999999 0.024394 0.05602
15 0.8011280000000001 0.5552459999999999 0.02652 0.059678
15 0.958443 0.474008 0.027282 0.058392
15 0.771157 0.124783 0.025486 0.054064
15 0.12645800000000001 0.837264 0.02589 0.055858
15 0.527314 0.859738 0.023432 0.064848
15 0.271277 0.390543 0.022218 0.047592
