15 0.617724 0.553308 0.025948 0.063062
15 0.226169 0.17899199999999998 0.028442 0.06076
15 0.405195 0.827292 0.024696 0.065328
15 0.242529 0.7495259999999999 0.031374 0.05557
15 0.29856499999999997 0.7547389999999999 0.026172 0.065178
15 0.862005 0.215161 0.027928 0.057544
15 0.8011879999999999 0.555655 0.027146 0.060986
15 0.771261 0.124305 0.025942 0.055186
15 0.9586020000000001 0.47170799999999996 0.030896 0.05375
15 0.126559 0.837395 0.0258 0.055084
15 0.876681 0.491441 0.024326 0.05425
15 0.498472 0.747456 0.021432 0.048094
15 0.527439 0.860937 0.023534 0.06571
15 0.37557799999999997 0.362917 0.026574 0.059172
15 0.271465 0.39111199999999996 0.022456 0.047368
