15 0.617756 0.5531710000000001 0.02588 0.06326
15 0.227196 0.18161699999999997 0.02808 0.063582
15 0.11511600000000001 0.74726 0.028234 0.055042
15 0.298655 0.754339 0.025262 0.061956
15 0.405233 0.82726 0.024178 0.063568
15 0.861858 0.21538 0.027766 0.058602
15 0.801218 0.555734 0.027226 0.061678
15 0.771082 0.124237 0.025732 0.053402
15 0.18723700000000001 0.40172 0.025484 0.052458
15 0.9586070000000001 0.47185 0.030736 0.053412
15 0.876682 0.491635 0.02422 0.053566
15 0.498497 0.747516 0.021476 0.048398
15 0.087092 0.8362809999999999 0.026408 0.05249
15 0.375635 0.36325599999999997 0.02608 0.059252
15 0.5272619999999999 0.860132 0.022714 0.06551
15 0.271615 0.39085899999999996 0.021802 0.046862
