15 0.617827 0.552924 0.025586 0.063266
15 0.225964 0.178756 0.028316 0.061498
15 0.298499 0.754549 0.025414 0.060978
15 0.40491 0.827568 0.02466 0.06484
15 0.276874 0.614019 0.025822 0.057528
15 0.801124 0.555045 0.026708 0.060768
15 0.958471 0.474095 0.027232 0.058558
15 0.12648099999999998 0.837019 0.026036 0.056838
15 0.771301 0.124253 0.025542 0.054024
15 0.458448 0.10126199999999999 0.022826 0.054018
15 0.49851999999999996 0.74756 0.021442 0.04805
15 0.527294 0.859509 0.022588 0.064722
15 0.27137900000000004 0.39038 0.021946 0.047214
