15 0.6176539999999999 0.553732 0.026136 0.06285
15 0.225979 0.178604 0.02838 0.062336
15 0.404184 0.826832 0.029982 0.061348
15 0.298494 0.754747 0.02533 0.06096
15 0.277034 0.613919 0.025946 0.057548
15 0.801175 0.555399 0.026926 0.061032
15 0.771127 0.125138 0.026236 0.056424
15 0.958672 0.473827 0.027272 0.059152
15 0.588899 0.839221 0.023458 0.053876
15 0.12626300000000001 0.837368 0.02566 0.0558
15 0.528425 0.8628739999999999 0.0195 0.057602
15 0.271402 0.39127100000000004 0.022574 0.04761
