15 0.617748 0.553165 0.025868 0.063298
15 0.226343 0.178849 0.028746 0.060566
15 0.115133 0.7471260000000001 0.028248 0.055042
15 0.29855 0.754425 0.025296 0.06198
15 0.405246 0.827221 0.024022 0.06349
15 0.8618399999999999 0.215171 0.02782 0.057768
15 0.801265 0.55589 0.027158 0.061198
15 0.18731799999999998 0.40164700000000003 0.02569 0.052876
15 0.771097 0.12432800000000001 0.025782 0.05343
15 0.958598 0.47206299999999995 0.030698 0.053468
15 0.876625 0.49158300000000005 0.02422 0.053162
15 0.49855499999999997 0.747589 0.021532 0.04857
15 0.375675 0.36332 0.026256 0.059398
15 0.527389 0.86044 0.022904 0.06503
15 0.087117 0.836139 0.026424 0.052384
15 0.271619 0.390779 0.021884 0.047098
