15 0.617578 0.552778 0.025781 0.063889
15 0.114844 0.747222 0.028125 0.055556
15 0.405078 0.827083 0.024219 0.062500
15 0.298438 0.754167 0.025000 0.061111
15 0.861719 0.214583 0.028125 0.056944
15 0.801172 0.555556 0.027344 0.061111
15 0.958594 0.471528 0.031250 0.054167
15 0.770703 0.123611 0.025781 0.052778
15 0.876563 0.490972 0.025000 0.054167
15 0.186719 0.402083 0.025000 0.051389
15 0.527344 0.860417 0.023438 0.065278
15 0.498437 0.747222 0.021875 0.047222
15 0.375781 0.363194 0.026562 0.059722
15 0.086719 0.835417 0.026562 0.051389
15 0.271875 0.390972 0.021875 0.045833
15 0.228516 0.177778 0.016406 0.047222
