15 0.617787 0.553321 0.02588 0.063678
15 0.227128 0.182036 0.028024 0.06332
15 0.115087 0.7471220000000001 0.028572 0.05542
15 0.29859600000000003 0.754603 0.02527 0.061812
15 0.405006 0.825908 0.025446 0.063642
15 0.8617520000000001 0.215555 0.027654 0.0577
15 0.801277 0.556242 0.026824 0.060222
15 0.771004 0.124864 0.025768 0.05436
15 0.18733899999999998 0.401678 0.025506 0.05257
15 0.958689 0.472127 0.030724 0.053146
15 0.876797 0.49167700000000003 0.024134 0.053676
15 0.498563 0.747911 0.021646 0.048832
15 0.375681 0.36333000000000004 0.026488 0.059942
15 0.087075 0.836319 0.026592 0.052674
15 0.271698 0.390901 0.021852 0.04711
15 0.527319 0.860103 0.02239 0.065286
