15 0.617608 0.553219 0.026032 0.063182
15 0.226163 0.178908 0.028604 0.06119
15 0.8617779999999999 0.21567799999999998 0.027424 0.05815
15 0.404561 0.827454 0.023302 0.062032
15 0.801199 0.555728 0.026892 0.060136
15 0.276708 0.614431 0.025174 0.055324
15 0.7711760000000001 0.124613 0.025578 0.053322
15 0.958658 0.474066 0.027624 0.056798
15 0.351311 0.738626 0.02649 0.059668
15 0.876597 0.491613 0.02389 0.052524
15 0.498427 0.747318 0.021076 0.047112
15 0.298658 0.751997 0.021426 0.049716
15 0.27142999999999995 0.39103 0.022318 0.047378
15 0.527305 0.860056 0.02227 0.062796
