15 0.6178790000000001 0.553111 0.025686 0.06332
15 0.226136 0.178925 0.02829 0.060454
15 0.298502 0.754895 0.02634 0.06462
15 0.404926 0.82722 0.02514 0.06528
15 0.243122 0.7497590000000001 0.026652 0.056434
15 0.861834 0.21572 0.027596 0.058648
15 0.801199 0.5556099999999999 0.026878 0.06026
15 0.126304 0.8371270000000001 0.025896 0.056084
15 0.771166 0.124716 0.025668 0.054618
15 0.958588 0.474121 0.02802 0.05796
15 0.876734 0.491692 0.024248 0.053818
15 0.498432 0.747606 0.021546 0.048672
15 0.375618 0.363082 0.026624 0.059812
15 0.527399 0.860561 0.023196 0.065104
15 0.27131099999999997 0.390865 0.022036 0.046756
