15 0.618022 0.552516 0.02552 0.063632
15 0.22617 0.178514 0.028208 0.061656
15 0.115301 0.746541 0.028098 0.055618
15 0.543403 0.815508 0.024846 0.06395
15 0.298902 0.75358 0.025106 0.061314
15 0.862325 0.214193 0.02762 0.056014
15 0.40514100000000003 0.824769 0.02441 0.061856
15 0.187349 0.401345 0.026256 0.054512
15 0.8418279999999999 0.583782 0.02649 0.055576
15 0.886375 0.368583 0.026272 0.051824
15 0.770882 0.122976 0.02474 0.0511
15 0.498542 0.747583 0.020762 0.047758
15 0.087355 0.836013 0.02669 0.052204
15 0.375919 0.363093 0.026692 0.060192
15 0.271939 0.39025099999999996 0.021852 0.047306
15 0.886756 0.492541 0.021974 0.047458
