15 0.617736 0.553096 0.025774 0.063682
15 0.405367 0.827223 0.024562 0.063878
15 0.115016 0.746952 0.028416 0.055116
15 0.298649 0.754181 0.02529 0.061632
15 0.861919 0.21510300000000002 0.02759 0.05779
15 0.801256 0.555602 0.026916 0.060856
15 0.770861 0.124425 0.02577 0.054142
15 0.958743 0.471895 0.03091 0.053818
15 0.18722699999999998 0.401482 0.02556 0.052994
15 0.876508 0.4917 0.024384 0.054142
15 0.498469 0.747514 0.02149 0.048168
15 0.37558600000000003 0.36309100000000005 0.025984 0.059448
15 0.086985 0.836384 0.026538 0.052432
15 0.271537 0.390453 0.021868 0.046552
15 0.5271830000000001 0.860344 0.022618 0.065724
15 0.22908599999999998 0.181422 0.01686 0.055132
