15 0.617757 0.5532389999999999 0.025834 0.063424
15 0.226085 0.17880000000000001 0.028548 0.061142
15 0.29853399999999997 0.754835 0.02533 0.06122
15 0.840807 0.329757 0.02779 0.058826
15 0.40454100000000004 0.826145 0.025584 0.063888
15 0.276809 0.614198 0.025696 0.057204
15 0.801078 0.5557080000000001 0.02671 0.060148
15 0.12645 0.837351 0.026094 0.05755
15 0.958301 0.473742 0.027436 0.057542
15 0.771056 0.124845 0.025502 0.05361
15 0.876729 0.491431 0.02404 0.05376
15 0.498422 0.747857 0.021358 0.048534
15 0.271437 0.39094399999999996 0.021942 0.046904
15 0.527172 0.859302 0.021938 0.0653
