15 0.6178170000000001 0.5533370000000001 0.026054 0.062858
15 0.226017 0.178507 0.028364 0.061332
15 0.40408900000000003 0.8264360000000001 0.029622 0.062078
15 0.298461 0.754314 0.025384 0.061026
15 0.41521199999999997 0.165936 0.026608 0.056028
15 0.27699 0.614167 0.025872 0.057228
15 0.8012009999999999 0.5547989999999999 0.026822 0.060606
15 0.958421 0.47402900000000003 0.027074 0.058042
15 0.771113 0.12489600000000001 0.025852 0.054854
15 0.12633 0.8373889999999999 0.025826 0.056652
15 0.49835300000000005 0.747764 0.021148 0.047586
15 0.527287 0.859732 0.022112 0.064958
15 0.271243 0.39057699999999995 0.021788 0.046692
