15 0.617711 0.552925 0.025726 0.063294
15 0.115133 0.746984 0.028256 0.05541
15 0.405316 0.827268 0.024112 0.06365
15 0.298572 0.754135 0.025246 0.061782
15 0.861742 0.21485100000000001 0.02778 0.057456
15 0.801274 0.555484 0.026922 0.060352
15 0.9586260000000001 0.471775 0.030882 0.05364
15 0.770987 0.123992 0.025556 0.05326
15 0.186865 0.40156 0.025226 0.052612
15 0.876465 0.491622 0.024586 0.054418
15 0.527429 0.8606870000000001 0.02315 0.065128
15 0.498409 0.747455 0.021184 0.04757
15 0.375641 0.36312099999999997 0.02652 0.059796
15 0.271669 0.390835 0.022432 0.048184
15 0.08688900000000001 0.8357870000000001 0.02646 0.05194
15 0.22230100000000003 0.180618 0.020508 0.056858
