15 0.617826 0.553267 0.02611 0.063766
15 0.2263 0.179155 0.028584 0.060402
15 0.115067 0.7470819999999999 0.028402 0.055192
15 0.298652 0.754266 0.025326 0.061916
15 0.405222 0.82737 0.023754 0.062392
15 0.861854 0.215667 0.027718 0.058342
15 0.801261 0.55586 0.026864 0.060148
15 0.18727 0.401525 0.025628 0.052948
15 0.770962 0.124267 0.025598 0.053672
15 0.9587910000000001 0.47203700000000004 0.030658 0.053116
15 0.876702 0.491473 0.024124 0.053534
15 0.498682 0.747521 0.021404 0.04797
15 0.37587 0.363533 0.026724 0.059806
15 0.087085 0.8363299999999999 0.026352 0.052358
15 0.527246 0.860256 0.022154 0.065358
15 0.271793 0.390393 0.021698 0.047256
