15 0.6176470000000001 0.554692 0.026896 0.06362
15 0.115087 0.7477290000000001 0.02907 0.055886
15 0.298634 0.755367 0.025842 0.061906
15 0.405061 0.8272229999999999 0.026188 0.06466
15 0.227126 0.182949 0.028406 0.064672
15 0.8613569999999999 0.217159 0.027502 0.059756
15 0.801393 0.5574340000000001 0.02702 0.062148
15 0.7708100000000001 0.126337 0.025524 0.05556
15 0.187326 0.40215500000000004 0.025794 0.053892
15 0.9588030000000001 0.474951 0.027562 0.05688
15 0.49859400000000004 0.7489199999999999 0.02168 0.049432
15 0.876501 0.493464 0.024452 0.053632
15 0.527376 0.862787 0.021332 0.058732
15 0.271881 0.392278 0.022722 0.049944
15 0.086501 0.836356 0.027466 0.05251
15 0.37541199999999997 0.36397500000000005 0.026368 0.05961
