15 0.61778 0.5529229999999999 0.0258 0.064128
15 0.226028 0.178977 0.028388 0.061058
15 0.11507800000000001 0.7470180000000001 0.028184 0.055282
15 0.29856 0.754355 0.025246 0.061904
15 0.405333 0.82719 0.024222 0.063734
15 0.861776 0.215442 0.027714 0.05837
15 0.801222 0.555708 0.027054 0.060508
15 0.18727999999999997 0.401636 0.026062 0.053932
15 0.9586279999999999 0.472097 0.030776 0.05331
15 0.771003 0.12454000000000001 0.025442 0.05344
15 0.8765160000000001 0.49152199999999996 0.024496 0.05392
15 0.498508 0.7476309999999999 0.021464 0.04825
15 0.375593 0.36307 0.02656 0.06014
15 0.086974 0.835971 0.026324 0.052224
15 0.527411 0.860431 0.022838 0.064824
15 0.27156 0.390332 0.021924 0.047626
