15 0.617784 0.553308 0.02614 0.063744
15 0.226269 0.179199 0.02853 0.060354
15 0.115005 0.747087 0.028522 0.055178
15 0.29866299999999996 0.7542679999999999 0.02533 0.061864
15 0.40521 0.8273889999999999 0.023898 0.062698
15 0.86185 0.21574200000000002 0.027646 0.058304
15 0.801271 0.555956 0.026886 0.060246
15 0.187259 0.401496 0.02567 0.05303
15 0.770999 0.124337 0.025672 0.053912
15 0.958898 0.474256 0.027612 0.057134
15 0.8767469999999999 0.491579 0.024022 0.053038
15 0.498657 0.7476280000000001 0.021466 0.048178
15 0.375827 0.363523 0.026644 0.059812
15 0.087003 0.8362740000000001 0.026394 0.052224
15 0.5272290000000001 0.860239 0.022154 0.065274
15 0.27175699999999997 0.390407 0.021662 0.047112
