15 0.617789 0.552822 0.025784 0.062924
15 0.22586699999999998 0.17812 0.028242 0.062468
15 0.298294 0.754132 0.025522 0.061384
15 0.404967 0.82745 0.024096 0.064002
15 0.27695600000000004 0.613824 0.026016 0.057434
15 0.41523699999999997 0.16532 0.026466 0.055904
15 0.800983 0.55431 0.026424 0.059194
15 0.958314 0.473781 0.02693 0.057544
15 0.12652 0.836793 0.026042 0.056642
15 0.771035 0.123998 0.02556 0.053236
15 0.49854400000000004 0.7472430000000001 0.021032 0.047222
15 0.527161 0.8593069999999999 0.022266 0.065
15 0.27131799999999995 0.390066 0.02209 0.047454
