15 0.617737 0.55332 0.026166 0.063222
15 0.22615700000000002 0.178928 0.028664 0.061042
15 0.840696 0.329455 0.027716 0.058674
15 0.298365 0.754602 0.025158 0.06081
15 0.40515999999999996 0.8274670000000001 0.024554 0.06509
15 0.276878 0.614158 0.025776 0.057302
15 0.80125 0.555558 0.026694 0.06004
15 0.7711790000000001 0.124641 0.025954 0.055122
15 0.126624 0.837214 0.02598 0.057104
15 0.958551 0.47149 0.030238 0.052898
15 0.87678 0.491497 0.023744 0.052112
15 0.498387 0.7479319999999999 0.021552 0.047826
15 0.5273720000000001 0.860056 0.022704 0.06409
15 0.271417 0.391168 0.02212 0.04711
